Number of nodes 814 
     0 :  1.3024961e+00  2.0000000e-01 
     1 :  9.3808315e-01  2.0000000e-01 
     2 :  6.6000000e-01  4.2000000e-01 
     3 :  5.5000000e-01  4.2000000e-01 
     4 :  3.9500000e-01  1.8017880e-01 
     5 :  3.9500000e-01  1.5555903e-01 
     6 :  2.0000000e-01  0.0000000e+00 
     7 :  0.0000000e+00  2.0000000e-01 
     8 : -4.0689674e-14  6.3262253e-01 
     9 :  8.2051167e-01  8.6296284e-01 
    10 :  1.1300000e+00  9.2000000e-01 
    11 :  1.1152000e+00  9.8720833e-01 
    12 :  1.3403709e+00  1.0683424e+00 
    13 :  1.3748882e+00  9.8538957e-01 
    14 :  1.3750000e+00  9.8000000e-01 
    15 :  1.3768124e+00  9.8000000e-01 
    16 :  1.4300000e+00  6.7000000e-01 
    17 :  5.8000000e-01  6.7000000e-01 
    18 :  1.2148984e+00  2.0000000e-01 
    19 :  1.1294104e+00  2.0000000e-01 
    20 :  1.0533285e+00  2.0000000e-01 
    21 :  9.8981900e-01  2.0000000e-01 
    22 :  9.0497586e-01  2.3328382e-01 
    23 :  8.7587505e-01  2.6064712e-01 
    24 :  8.4996195e-01  2.8364866e-01 
    25 :  8.2652095e-01  3.0342569e-01 
    26 :  8.0496463e-01  3.2079966e-01 
    27 :  7.8482250e-01  3.3636559e-01 
    28 :  7.6572063e-01  3.5055791e-01 
    29 :  7.4736224e-01  3.6369624e-01 
    30 :  7.2951188e-01  3.7601692e-01 
    31 :  7.1198315e-01  3.8769481e-01 
    32 :  6.9462890e-01  3.9885881e-01 
    33 :  6.7733264e-01  4.0960375e-01 
    34 :  5.6814951e-01  4.2000000e-01 
    35 :  5.8630383e-01  4.2000000e-01 
    36 :  6.0448614e-01  4.2000000e-01 
    37 :  6.2275330e-01  4.2000000e-01 
    38 :  6.4120672e-01  4.2000000e-01 
    39 :  5.3010537e-01  4.1883188e-01 
    40 :  5.1048415e-01  4.1534357e-01 
    41 :  4.9140597e-01  4.0958302e-01 
    42 :  4.7313303e-01  4.0162938e-01 
    43 :  4.5591644e-01  3.9159196e-01 
    44 :  4.3999280e-01  3.7960870e-01 
    45 :  4.2558094e-01  3.6584428e-01 
    46 :  4.1287893e-01  3.5048787e-01 
    47 :  4.0206131e-01  3.3375049e-01 
    48 :  3.9327675e-01  3.1586216e-01 
    49 :  3.8664598e-01  2.9706871e-01 
    50 :  3.8226011e-01  2.7762842e-01 
    51 :  3.8017942e-01  2.5780844e-01 
    52 :  3.8043251e-01  2.3788116e-01 
    53 :  3.8301589e-01  2.1812042e-01 
    54 :  3.8789407e-01  1.9879778e-01 
    55 :  3.9500000e-01  1.6788760e-01 
    56 :  2.5219263e-01  6.9302481e-03 
    57 :  2.9249062e-01  2.2671250e-02 
    58 :  3.2248270e-01  4.1892479e-02 
    59 :  3.4464616e-01  6.1878718e-02 
    60 :  3.6114246e-01  8.1538587e-02 
    61 :  3.7354871e-01  1.0059756e-01 
    62 :  3.8292525e-01  1.1913992e-01 
    63 :  3.8994462e-01  1.3738180e-01 
    64 :  1.8484105e-02  1.1602393e-01 
    65 :  6.8417361e-02  4.9381246e-02 
    66 :  1.3455842e-01  1.1009525e-02 
    67 :  0.0000000e+00  5.4698379e-01 
    68 :  0.0000000e+00  4.5820331e-01 
    69 :  0.0000000e+00  3.6999106e-01 
    70 :  0.0000000e+00  2.8456159e-01 
    71 :  7.6054066e-01  8.8606024e-01 
    72 :  7.0636674e-01  9.0149784e-01 
    73 :  6.5736717e-01  9.1134128e-01 
    74 :  6.1265392e-01  9.1706408e-01 
    75 :  5.7132191e-01  9.1966064e-01 
    76 :  5.3254535e-01  9.1977260e-01 
    77 :  4.9559871e-01  9.1778777e-01 
    78 :  4.5984473e-01  9.1390664e-01 
    79 :  4.2471032e-01  9.0818120e-01 
    80 :  3.8965934e-01  9.0053122e-01 
    81 :  3.5416681e-01  8.9074126e-01 
    82 :  3.1769755e-01  8.7843900e-01 
    83 :  2.7969412e-01  8.6305361e-01 
    84 :  2.3958334e-01  8.4375205e-01 
    85 :  1.9682078e-01  8.1935441e-01 
    86 :  1.5100893e-01  7.8824356e-01 
    87 :  1.0214587e-01  7.4832386e-01 
    88 :  5.1061324e-02  6.9716909e-01 
    89 :  8.5114848e-01  8.1288176e-01 
    90 :  9.0150777e-01  7.7540120e-01 
    91 :  9.7134072e-01  7.6000562e-01 
    92 :  1.0490051e+00  7.8086625e-01 
    93 :  1.1082695e+00  8.3949196e-01 
    94 :  1.2757622e+00  1.1063079e+00 
    95 :  1.2009316e+00  1.1023028e+00 
    96 :  1.1407443e+00  1.0576580e+00 
    97 :  1.4266456e+00  7.4891706e-01 
    98 :  1.4166067e+00  8.2726484e-01 
    99 :  1.3999556e+00  9.0447815e-01 
   100 :  1.3477047e+00  2.8751252e-01 
   101 :  1.3834040e+00  3.7931570e-01 
   102 :  1.4091934e+00  4.7437972e-01 
   103 :  1.4247837e+00  5.7163816e-01 
   104 :  5.7807853e-01  6.8950903e-01 
   105 :  5.7238795e-01  7.0826834e-01 
   106 :  5.6314696e-01  7.2555702e-01 
   107 :  5.5071068e-01  7.4071068e-01 
   108 :  5.3555702e-01  7.5314696e-01 
   109 :  5.1826834e-01  7.6238795e-01 
   110 :  4.9950903e-01  7.6807853e-01 
   111 :  4.8000000e-01  7.7000000e-01 
   112 :  4.6049097e-01  7.6807853e-01 
   113 :  4.4173166e-01  7.6238795e-01 
   114 :  4.2444298e-01  7.5314696e-01 
   115 :  4.0928932e-01  7.4071068e-01 
   116 :  3.9685304e-01  7.2555702e-01 
   117 :  3.8761205e-01  7.0826834e-01 
   118 :  3.8192147e-01  6.8950903e-01 
   119 :  3.8000000e-01  6.7000000e-01 
   120 :  3.8192147e-01  6.5049097e-01 
   121 :  3.8761205e-01  6.3173166e-01 
   122 :  3.9685304e-01  6.1444298e-01 
   123 :  4.0928932e-01  5.9928932e-01 
   124 :  4.2444298e-01  5.8685304e-01 
   125 :  4.4173166e-01  5.7761205e-01 
   126 :  4.6049097e-01  5.7192147e-01 
   127 :  4.8000000e-01  5.7000000e-01 
   128 :  4.9950903e-01  5.7192147e-01 
   129 :  5.1826834e-01  5.7761205e-01 
   130 :  5.3555702e-01  5.8685304e-01 
   131 :  5.5071068e-01  5.9928932e-01 
   132 :  5.6314696e-01  6.1444298e-01 
   133 :  5.7238795e-01  6.3173166e-01 
   134 :  5.7807853e-01  6.5049097e-01 
   135 :  3.9149275e-01  5.9750808e-01 
   136 :  3.9428782e-01  3.5245691e-01 
   137 :  6.7744061e-01  4.2934667e-01 
   138 :  5.9012717e-01  6.3574059e-01 
   139 :  3.6925040e-01  2.0509129e-01 
   140 :  8.8108278e-01  2.9345433e-01 
   141 :  7.4834797e-01  3.8449123e-01 
   142 :  8.0862176e-01  3.4753205e-01 
   143 :  3.6627481e-01  6.3805088e-01 
   144 :  5.9577883e-01  6.8086815e-01 
   145 :  3.6475492e-01  6.7993229e-01 
   146 :  5.8273989e-01  7.2491562e-01 
   147 :  4.2508438e-01  5.6726011e-01 
   148 :  6.3198001e-01  4.3590047e-01 
   149 :  5.7005227e-01  5.9609601e-01 
   150 :  3.1995129e-01  7.2369723e-02 
   151 :  4.3836637e-01  3.9904012e-01 
   152 :  5.7711512e-01  4.3692883e-01 
   153 :  1.0979504e+00  2.5200287e-01 
   154 :  3.6768524e-01  2.8933362e-01 
   155 :  4.6858144e-01  5.5406542e-01 
   156 :  9.2794581e-01  7.1022227e-01 
   157 :  5.1561040e-01  5.5984659e-01 
   158 :  3.6465753e-01  2.4770807e-01 
   159 :  4.7434491e-01  4.2365570e-01 
   160 :  3.7868557e-01  7.2422341e-01 
   161 :  5.1710233e-01  4.3218937e-01 
   162 :  5.5346936e-01  7.5952268e-01 
   163 :  3.7180687e-01  1.3388506e-01 
   164 :  1.1629190e-01  6.8600107e-01 
   165 :  4.0470040e-01  7.6183416e-01 
   166 :  7.4748092e-02  3.9878171e-01 
   167 :  5.1411611e-01  7.8008768e-01 
   168 :  7.2083814e-01  8.4950827e-01 
   169 :  2.0762241e-01  7.7642819e-01 
   170 :  1.7136413e-01  5.4909408e-02 
   171 :  4.4603175e-01  7.8110333e-01 
   172 :  6.3083075e-02  2.5214523e-01 
   173 :  7.1276622e-01  4.0796197e-01 
   174 :  1.3327603e+00  5.3651053e-01 
   175 :  6.3025590e-01  8.7705381e-01 
   176 :  2.7597415e-01  8.2077342e-01 
   177 :  5.5258568e-01  8.8790135e-01 
   178 :  4.8225050e-01  8.8450699e-01 
   179 :  3.4777802e-01  8.5065387e-01 
   180 :  1.3567526e+00  7.0350180e-01 
   181 :  4.1566936e-01  8.7310172e-01 
   182 :  1.3051805e+00  1.0063316e+00 
   183 :  3.8366362e-01  1.7699693e-01 
   184 :  1.1234004e+00  7.5896638e-01 
   185 :  3.5182230e-01  1.0119561e-01 
   186 :  1.0622609e+00  7.0211011e-01 
   187 :  1.2918838e+00  3.6659043e-01 
   188 :  1.1828499e+00  8.6142720e-01 
   189 :  2.6050448e-01  4.7451575e-02 
   190 :  1.1446595e+00  6.8229163e-01 
   191 :  1.0904091e+00  6.2413805e-01 
   192 :  8.4298458e-01  7.5464076e-01 
   193 :  1.1668537e+00  6.0595207e-01 
   194 :  1.1115665e+00  5.5244348e-01 
   195 :  1.0405786e+00  5.6789156e-01 
   196 :  1.0585379e+00  5.0069757e-01 
   197 :  9.9331713e-01  5.1779480e-01 
   198 :  1.0106533e+00  4.5606811e-01 
   199 :  9.5093812e-01  4.7388365e-01 
   200 :  9.3553137e-01  5.2868653e-01 
   201 :  8.9862980e-01  4.8807810e-01 
   202 :  8.8246679e-01  5.3571984e-01 
   203 :  8.5111894e-01  5.0066361e-01 
   204 :  8.3635842e-01  5.4332854e-01 
   205 :  8.0863995e-01  5.1446665e-01 
   206 :  7.9578278e-01  5.5126380e-01 
   207 :  7.7037791e-01  5.2508978e-01 
   208 :  7.5805927e-01  5.5824728e-01 
   209 :  7.3515540e-01  5.3293546e-01 
   210 :  7.2466378e-01  5.6434364e-01 
   211 :  7.0570285e-01  5.4097696e-01 
   212 :  7.4642107e-01  5.9034672e-01 
   213 :  7.1248339e-01  5.9608364e-01 
   214 :  7.3447176e-01  6.2213674e-01 
   215 :  8.2349279e-01  5.8195638e-01 
   216 :  6.9691345e-01  6.2810782e-01 
   217 :  7.2238784e-01  6.5413624e-01 
   218 :  6.8704910e-01  6.0066766e-01 
   219 :  6.8977966e-01  6.6122807e-01 
   220 :  7.1062030e-01  6.8489930e-01 
   221 :  6.8007861e-01  6.9103343e-01 
   222 :  6.9995273e-01  7.1457877e-01 
   223 :  6.7018606e-01  7.2007852e-01 
   224 :  8.1930151e-01  4.7601267e-01 
   225 :  7.5805835e-01  6.4873266e-01 
   226 :  7.4643895e-01  5.0009703e-01 
   227 :  9.1277686e-01  4.3915373e-01 
   228 :  6.8990693e-01  7.4341452e-01 
   229 :  6.6072809e-01  7.4709608e-01 
   230 :  1.0743105e+00  4.3607475e-01 
   231 :  6.6136895e-01  6.6844401e-01 
   232 :  7.2132948e-01  7.3571760e-01 
   233 :  6.4318634e-01  7.2633105e-01 
   234 :  6.3431639e-01  7.5119863e-01 
   235 :  6.5070259e-01  7.7235733e-01 
   236 :  6.2434513e-01  7.7568053e-01 
   237 :  6.4006600e-01  7.9770435e-01 
   238 :  6.1343674e-01  8.0002882e-01 
   239 :  1.0175748e+00  3.8665359e-01 
   240 :  9.1268360e-01  5.6823655e-01 
   241 :  6.6791184e-01  7.9504114e-01 
   242 :  5.9755521e-01  7.7942360e-01 
   243 :  5.8770956e-01  8.0307348e-01 
   244 :  1.1808041e+00  9.6642134e-01 
   245 :  7.9761083e-01  7.8487323e-01 
   246 :  1.3414124e+00  8.5145121e-01 
   247 :  6.0272116e-01  8.2393091e-01 
   248 :  5.7661001e-01  8.2531449e-01 
   249 :  5.6319290e-01  8.0444884e-01 
   250 :  5.5187430e-01  8.2619683e-01 
   251 :  1.1975000e+00  7.3983243e-01 
   252 :  6.5731880e-01  8.2349758e-01 
   253 :  1.1820528e+00  5.3418703e-01 
   254 :  6.6094835e-01  4.4120387e-01 
   255 :  6.7873618e-01  4.5035357e-01 
   256 :  6.6049122e-01  4.6150623e-01 
   257 :  6.8000794e-01  4.7229618e-01 
   258 :  6.6064876e-01  4.8389390e-01 
   259 :  6.4137138e-01  4.7342968e-01 
   260 :  6.4069117e-01  4.9403271e-01 
   261 :  6.2219335e-01  4.8418235e-01 
   262 :  6.2159017e-01  5.0437194e-01 
   263 :  6.0375145e-01  4.9479489e-01 
   264 :  6.0371486e-01  5.1546826e-01 
   265 :  5.8594267e-01  5.0532593e-01 
   266 :  6.2372733e-01  5.2503131e-01 
   267 :  5.8588862e-01  5.2562686e-01 
   268 :  5.6844300e-01  5.1546790e-01 
   269 :  5.6838929e-01  4.9541153e-01 
   270 :  5.5126629e-01  5.0543326e-01 
   271 :  5.5126702e-01  4.8559344e-01 
   272 :  5.3420668e-01  4.9546531e-01 
   273 :  5.6834241e-01  5.3562878e-01 
   274 :  5.8566922e-01  5.4584338e-01 
   275 :  6.9941442e-01  4.6002241e-01 
   276 :  5.3442711e-01  5.1470386e-01 
   277 :  5.1717046e-01  5.0518631e-01 
   278 :  5.1717103e-01  4.8555147e-01 
   279 :  5.0007210e-01  4.9537009e-01 
   280 :  5.0010799e-01  4.7563116e-01 
   281 :  4.8298935e-01  4.8548064e-01 
   282 :  4.8297536e-01  5.0523579e-01 
   283 :  4.6587938e-01  4.9534469e-01 
   284 :  4.6588611e-01  4.7557453e-01 
   285 :  4.4873670e-01  4.8547507e-01 
   286 :  4.4875624e-01  4.6566359e-01 
   287 :  4.3142372e-01  4.7538682e-01 
   288 :  4.3145486e-01  4.9573578e-01 
   289 :  4.1338157e-01  4.8558057e-01 
   290 :  4.1335564e-01  4.6421309e-01 
   291 :  3.9373833e-01  4.7545401e-01 
   292 :  3.9340319e-01  4.5170873e-01 
   293 :  3.7160932e-01  4.6276434e-01 
   294 :  3.7333940e-01  4.8947442e-01 
   295 :  3.4837641e-01  4.7937977e-01 
   296 :  3.4746781e-01  4.4798324e-01 
   297 :  3.2148498e-01  4.6381700e-01 
   298 :  3.2106205e-01  4.3256285e-01 
   299 :  3.2268133e-01  4.9593928e-01 
   300 :  2.9108606e-01  4.8040974e-01 
   301 :  2.9629048e-01  5.1853252e-01 
   302 :  2.5841657e-01  4.9916235e-01 
   303 :  2.6071391e-01  5.3768276e-01 
   304 :  2.5686310e-01  4.5865248e-01 
   305 :  2.9214337e-01  5.5528458e-01 
   306 :  2.6343849e-01  5.7329646e-01 
   307 :  2.3010844e-01  5.5931190e-01 
   308 :  4.1347716e-01  5.0651881e-01 
   309 :  2.9590375e-01  5.9236909e-01 
   310 :  2.6701105e-01  6.0623046e-01 
   311 :  2.9294529e-01  6.2307636e-01 
   312 :  2.6903778e-01  6.3635255e-01 
   313 :  2.4159396e-01  6.2518535e-01 
   314 :  2.9471107e-01  6.4944238e-01 
   315 :  2.7134875e-01  6.6452521e-01 
   316 :  2.9623770e-01  6.7640579e-01 
   317 :  3.4756018e-01  4.1737440e-01 
   318 :  3.2231821e-01  4.0255594e-01 
   319 :  3.1652433e-01  5.7216971e-01 
   320 :  2.7335842e-01  6.9218582e-01 
   321 :  2.9813447e-01  7.0396696e-01 
   322 :  2.5180709e-01  6.8006331e-01 
   323 :  2.1811996e-01  4.8011400e-01 
   324 :  2.2005860e-01  4.3260504e-01 
   325 :  2.7530335e-01  7.1993826e-01 
   326 :  3.0054285e-01  7.3117713e-01 
   327 :  4.3171441e-01  5.1592326e-01 
   328 :  3.4786264e-01  3.8975784e-01 
   329 :  3.2511376e-01  3.7451563e-01 
   330 :  3.7001972e-01  4.0329002e-01 
   331 :  3.0033326e-01  3.8603644e-01 
   332 :  3.0376114e-01  3.5834618e-01 
   333 :  3.2845553e-01  3.4861080e-01 
   334 :  3.0674384e-01  3.3145385e-01 
   335 :  2.8188437e-01  3.4105079e-01 
   336 :  2.8443356e-01  3.1427140e-01 
   337 :  2.5647138e-01  3.2382909e-01 
   338 :  2.6317729e-01  2.9154674e-01 
   339 :  2.2942228e-01  3.0503514e-01 
   340 :  2.3472434e-01  2.7118615e-01 
   341 :  2.6411916e-01  2.5824221e-01 
   342 :  2.4041540e-01  2.3782634e-01 
   343 :  2.7121649e-01  2.2667686e-01 
   344 :  2.4623866e-01  2.0572824e-01 
   345 :  2.7616280e-01  1.9532862e-01 
   346 :  2.5191124e-01  1.7403356e-01 
   347 :  2.2003627e-01  1.8441116e-01 
   348 :  2.0661892e-01  2.4844217e-01 
   349 :  2.8652630e-01  1.6468510e-01 
   350 :  2.9851063e-01  2.1513592e-01 
   351 :  3.1053507e-01  3.0143581e-01 
   352 :  2.5818005e-01  1.4222033e-01 
   353 :  3.2167196e-01  7.1606309e-01 
   354 :  3.2420008e-01  7.4139598e-01 
   355 :  6.0106717e-01  4.7133806e-01 
   356 :  2.2488115e-01  3.4004104e-01 
   357 :  1.9182907e-01  3.1779238e-01 
   358 :  2.7729663e-01  7.4802634e-01 
   359 :  4.1369719e-01  5.2766002e-01 
   360 :  3.1614533e-01  6.6168286e-01 
   361 :  4.1248203e-01  4.4371847e-01 
   362 :  5.6786596e-01  4.7618814e-01 
   363 :  5.5073564e-01  4.6674716e-01 
   364 :  5.6834948e-01  5.5537399e-01 
   365 :  6.5950955e-01  5.0871769e-01 
   366 :  2.8876061e-01  1.3169991e-01 
   367 :  3.1284129e-01  1.4995306e-01 
   368 :  5.4879589e-01  5.4670110e-01 
   369 :  1.8647885e-01  3.6071558e-01 
   370 :  1.4830498e-01  3.3107135e-01 
   371 :  5.8602093e-01  5.6514805e-01 
   372 :  4.6586349e-01  5.1509224e-01 
   373 :  6.0331886e-01  5.5614421e-01 
   374 :  6.0340138e-01  5.7687397e-01 
   375 :  6.2211455e-01  5.6658263e-01 
   376 :  6.2176080e-01  5.8886417e-01 
   377 :  4.8318802e-01  5.2409488e-01 
   378 :  6.4208123e-01  5.7752537e-01 
   379 :  9.6074783e-01  2.4258244e-01 
   380 :  9.4827527e-02  1.1796239e-01 
   381 :  4.6591936e-01  4.5577819e-01 
   382 :  4.4968029e-01  4.4674523e-01 
   383 :  1.7590269e-01  4.5815306e-01 
   384 :  6.0020125e-01  5.9952823e-01 
   385 :  6.2237962e-01  6.1105164e-01 
   386 :  5.1712656e-01  5.2382955e-01 
   387 :  7.0198298e-01  4.8362087e-01 
   388 :  1.3281134e+00  9.1570655e-01 
   389 :  7.9429958e-01  7.3379837e-01 
   390 :  8.3480374e-01  7.0039397e-01 
   391 :  7.0944477e-01  7.7035795e-01 
   392 :  1.0865334e+00  3.7059935e-01 
   393 :  1.1399660e+00  4.1109459e-01 
   394 :  1.1579588e+00  3.3487200e-01 
   395 :  6.4100056e-01  5.5561183e-01 
   396 :  6.6420383e-01  5.6364663e-01 
   397 :  5.9017756e-01  8.4631948e-01 
   398 :  1.7828212e-01  5.0452597e-01 
   399 :  5.1758354e-01  4.6654338e-01 
   400 :  5.0103944e-01  4.5694185e-01 
   401 :  6.1786134e-01  7.3401437e-01 
   402 :  6.2652769e-01  7.1028445e-01 
   403 :  5.4083620e-01  8.0631462e-01 
   404 :  5.2791549e-01  8.2862093e-01 
   405 :  2.6372785e-01  1.0956274e-01 
   406 :  2.2837549e-01  1.2068401e-01 
   407 :  4.3458586e-01  5.3801622e-01 
   408 :  3.6955074e-01  3.7860204e-01 
   409 :  3.8905036e-01  3.9149853e-01 
   410 :  3.9142218e-01  4.1251935e-01 
   411 :  8.0978561e-02  5.8405675e-01 
   412 :  3.1778359e-01  1.2450897e-01 
   413 :  3.9488489e-01  5.1744083e-01 
   414 :  3.9455618e-01  5.3954161e-01 
   415 :  3.7469066e-01  5.2903330e-01 
   416 :  3.7462189e-01  5.5180666e-01 
   417 :  3.4854746e-01  5.3982973e-01 
   418 :  2.5479030e-01  7.3686860e-01 
   419 :  2.4610651e-01  7.6380448e-01 
   420 :  3.4395515e-01  7.2955013e-01 
   421 :  3.4657182e-01  7.5327847e-01 
   422 :  3.2703870e-01  7.6582508e-01 
   423 :  3.4906735e-01  7.7630836e-01 
   424 :  3.2940272e-01  7.9060806e-01 
   425 :  3.5266124e-01  8.0007705e-01 
   426 :  3.7356544e-01  7.8372414e-01 
   427 :  3.7586771e-01  8.0861466e-01 
   428 :  3.9366600e-01  7.9504457e-01 
   429 :  3.9766370e-01  8.1750735e-01 
   430 :  4.1422802e-01  8.0319700e-01 
   431 :  4.1910776e-01  8.2573955e-01 
   432 :  3.0993593e-01  7.7872175e-01 
   433 :  4.3572156e-01  8.1202939e-01 
   434 :  4.4088817e-01  8.3396867e-01 
   435 :  4.5797325e-01  8.2020021e-01 
   436 :  4.6241374e-01  8.4255682e-01 
   437 :  4.8001491e-01  8.2790835e-01 
   438 :  4.7525463e-01  8.0293029e-01 
   439 :  3.9504458e-01  5.6283009e-01 
   440 :  4.9614552e-01  8.0960841e-01 
   441 :  3.4364534e-01  7.0721239e-01 
   442 :  1.2596355e-01  4.8630449e-01 
   443 :  3.5377852e-01  5.6458769e-01 
   444 :  3.3687132e-01  1.4284532e-01 
   445 :  3.3348578e-01  1.6495224e-01 
   446 :  4.9435669e-01  5.5350360e-01 
   447 :  6.6855292e-01  6.4154134e-01 
   448 :  6.4361768e-01  6.4864020e-01 
   449 :  6.3706959e-01  6.7216691e-01 
   450 :  6.2106340e-01  6.5407467e-01 
   451 :  1.6556568e-01  2.7567284e-01 
   452 :  5.5233521e-01  5.8083688e-01 
   453 :  3.3357632e-01  8.1766892e-01 
   454 :  3.7726011e-01  6.1508438e-01 
   455 :  3.5668395e-01  6.1892082e-01 
   456 :  3.4787996e-01  6.3590608e-01 
   457 :  3.3346754e-01  6.2311705e-01 
   458 :  3.4479017e-01  6.0093379e-01 
   459 :  5.9059120e-01  7.0267304e-01 
   460 :  3.9032855e-01  7.4368620e-01 
   461 :  5.3422711e-01  7.7105762e-01 
   462 :  4.2549692e-01  7.7176848e-01 
   463 :  5.6947094e-01  7.4340632e-01 
   464 :  5.9098152e-01  7.4415548e-01 
   465 :  6.4843242e-01  6.2142438e-01 
   466 :  3.5539702e-01  1.5841317e-01 
   467 :  3.0498552e-01  1.8956455e-01 
   468 :  3.2335661e-01  2.0688456e-01 
   469 :  3.1936355e-01  2.3103699e-01 
   470 :  3.4249232e-01  2.2187991e-01 
   471 :  6.6031248e-01  5.3785972e-01 
   472 :  5.4031022e-01  8.4695131e-01 
   473 :  5.1399628e-01  8.4967108e-01 
   474 :  3.7671738e-01  8.3480412e-01 
   475 :  3.5135950e-01  1.8073584e-01 
   476 :  9.3201453e-01  2.7730510e-01 
   477 :  9.7351780e-01  2.8862631e-01 
   478 :  9.3970290e-01  3.2205177e-01 
   479 :  5.3491562e-01  5.6726011e-01 
   480 :  4.8557394e-01  8.5241708e-01 
   481 :  3.6466606e-01  6.6039329e-01 
   482 :  7.2201675e-01  4.7006285e-01 
   483 :  7.1911936e-01  4.4684339e-01 
   484 :  7.4367432e-01  4.5564366e-01 
   485 :  7.4226487e-01  4.2919105e-01 
   486 :  7.6705043e-01  4.4103726e-01 
   487 :  7.6425163e-01  4.7023017e-01 
   488 :  3.4652366e-01  6.7000000e-01 
   489 :  7.6737843e-01  4.1492440e-01 
   490 :  7.9144427e-01  4.2597376e-01 
   491 :  7.9058498e-01  3.9834324e-01 
   492 :  8.1578871e-01  4.0933161e-01 
   493 :  3.1962830e-01  5.4312492e-01 
   494 :  5.3683855e-01  4.3781947e-01 
   495 :  4.0794046e-01  4.0043877e-01 
   496 :  1.0303898e+00  3.1838825e-01 
   497 :  3.2102263e-01  6.8803436e-01 
   498 :  3.5337346e-01  5.1077518e-01 
   499 :  5.7438202e-01  7.6438202e-01 
   500 :  8.6148985e-01  4.5281352e-01 
   501 :  8.7893787e-01  4.0855496e-01 
   502 :  9.2223806e-01  3.9304457e-01 
   503 :  8.8648989e-01  3.6734949e-01 
   504 :  8.4711441e-01  3.8171031e-01 
   505 :  8.5663651e-01  3.4591630e-01 
   506 :  2.6035069e-01  4.1318723e-01 
   507 :  1.0096875e+00  2.5500489e-01 
   508 :  4.4328060e-01  8.5823099e-01 
   509 :  3.6695275e-01  7.0277121e-01 
   510 :  4.9654271e-01  4.2743169e-01 
   511 :  4.5520064e-01  4.1095230e-01 
   512 :  4.3515238e-01  4.1918373e-01 
   513 :  4.4618313e-01  5.5852072e-01 
   514 :  5.8378590e-02  3.2418173e-01 
   515 :  2.9330576e-01  2.4767880e-01 
   516 :  3.2191845e-01  2.5702997e-01 
   517 :  3.0172150e-01  2.7361486e-01 
   518 :  3.4892778e-01  3.6431367e-01 
   519 :  3.5161742e-01  3.3995184e-01 
   520 :  3.3207041e-01  3.2297009e-01 
   521 :  3.3653043e-01  2.9998738e-01 
   522 :  3.5320146e-01  3.1764320e-01 
   523 :  3.7165747e-01  3.2959423e-01 
   524 :  4.0785230e-01  3.6792521e-01 
   525 :  3.6451021e-01  2.6865207e-01 
   526 :  3.8090562e-01  8.6501577e-01 
   527 :  4.9486455e-01  7.8737593e-01 
   528 :  3.4604042e-01  2.5775406e-01 
   529 :  3.7006861e-01  5.9589368e-01 
   530 :  3.2287790e-01  5.9972161e-01 
   531 :  6.5049288e-01  6.9727731e-01 
   532 :  5.6756884e-01  4.5551522e-01 
   533 :  5.8273989e-01  6.1508438e-01 
   534 :  9.8941675e-01  6.9507455e-01 
   535 :  9.5024155e-01  6.5034379e-01 
   536 :  5.9834702e-01  6.5762847e-01 
   537 :  5.5296788e-01  7.8307796e-01 
   538 :  1.2608083e+00  8.7115264e-01 
   539 :  1.2886372e+00  8.0580390e-01 
   540 :  1.2658197e+00  9.5103121e-01 
   541 :  1.2418439e+00  1.0130842e+00 
   542 :  4.5361678e-01  5.4110806e-01 
   543 :  3.8401209e-01  7.6349971e-01 
   544 :  3.6761801e-01  7.4299222e-01 
   545 :  1.2481221e+00  5.8781101e-01 
   546 :  7.4561974e-01  7.6525387e-01 
   547 :  3.7360104e-01  4.3255276e-01 
   548 :  5.1560540e-01  8.9113179e-01 
   549 :  8.8376260e-01  6.6711273e-01 
   550 :  3.6461090e-01  2.2576351e-01 
   551 :  8.1360398e-01  3.7694500e-01 
   552 :  1.1644639e+00  2.6425386e-01 
   553 :  1.2425857e+00  2.8927928e-01 
   554 :  2.9778290e-01  9.5843399e-02 
   555 :  6.9293920e-01  5.7013847e-01 
   556 :  6.7608827e-01  8.6506092e-01 
   557 :  5.5810478e-01  4.3675832e-01 
   558 :  5.8741909e-01  4.5277089e-01 
   559 :  7.5656690e-01  8.1424542e-01 
   560 :  6.2236924e-01  4.6340439e-01 
   561 :  4.1494713e-01  5.5054567e-01 
   562 :  5.3057548e-01  5.4796492e-01 
   563 :  7.8849462e-01  6.8458904e-01 
   564 :  8.2746328e-01  6.5644732e-01 
   565 :  8.5110786e-01  6.2029098e-01 
   566 :  3.7296872e-01  5.7324163e-01 
   567 :  3.1373515e-01  6.3734056e-01 
   568 :  4.8465234e-01  4.4480787e-01 
   569 :  3.7286644e-01  3.5302928e-01 
   570 :  7.1197717e-01  5.1143136e-01 
   571 :  1.5634483e-01  7.2368031e-01 
   572 :  1.7643230e-01  6.7246716e-01 
   573 :  2.0114887e-01  7.1094846e-01 
   574 :  1.3229152e-01  6.3132824e-01 
   575 :  1.8445775e-01  6.2145992e-01 
   576 :  1.5418388e-01  5.8399870e-01 
   577 :  5.9167883e-01  8.8829285e-01 
   578 :  5.8521582e-01  4.8519321e-01 
   579 :  4.6538160e-01  7.8523002e-01 
   580 :  9.6505760e-01  5.8365904e-01 
   581 :  1.4210695e-01  3.8504619e-01 
   582 :  3.1070114e-01  8.3926911e-01 
   583 :  2.2788947e-01  3.8176624e-01 
   584 :  9.6583539e-01  4.2038331e-01 
   585 :  9.5840938e-01  3.6814031e-01 
   586 :  6.8955667e-01  8.2227492e-01 
   587 :  7.8641647e-01  3.6817919e-01 
   588 :  6.8356336e-01  5.2402554e-01 
   589 :  3.7765811e-01  1.5036399e-01 
   590 :  5.5112250e-01  5.2556540e-01 
   591 :  1.3318284e+00  9.6793838e-01 
   592 :  1.0155566e+00  6.3185216e-01 
   593 :  6.1363005e-01  4.3504251e-01 
   594 :  5.0014783e-01  5.1468046e-01 
   595 :  6.9485223e-01  4.1860606e-01 
   596 :  4.8343243e-01  4.6570237e-01 
   597 :  5.9550600e-01  4.3583791e-01 
   598 :  2.3831357e-01  8.2411291e-02 
   599 :  5.3420079e-01  4.7585768e-01 
   600 :  4.4896642e-01  5.0501825e-01 
   601 :  7.3032679e-01  3.9620694e-01 
   602 :  4.0654616e-01  5.7992315e-01 
   603 :  6.4542581e-01  5.2483694e-01 
   604 :  5.3465465e-01  4.5786527e-01 
   605 :  8.3018304e-01  3.3002905e-01 
   606 :  2.6097742e-01  3.7753634e-01 
   607 :  6.0955897e-01  7.5777168e-01 
   608 :  6.1015108e-01  6.9624861e-01 
   609 :  6.2637728e-01  6.3283453e-01 
   610 :  4.9854344e-01  5.3340567e-01 
   611 :  7.8239712e-01  5.8617073e-01 
   612 :  3.4630914e-01  2.8060405e-01 
   613 :  4.3162144e-01  4.5575288e-01 
   614 :  2.4075157e-01  7.9998883e-01 
   615 :  3.2375273e-01  2.7967637e-01 
   616 :  6.0375377e-01  5.3573266e-01 
   617 :  6.1906915e-01  8.4582737e-01 
   618 :  8.9336719e-01  3.2872653e-01 
   619 :  6.0520045e-01  6.2223830e-01 
   620 :  7.5418601e-01  7.1639083e-01 
   621 :  5.7507859e-01  7.8651541e-01 
   622 :  1.3186272e+00  4.5171208e-01 
   623 :  1.2539887e+00  4.3316346e-01 
   624 :  6.4096987e-01  4.5105782e-01 
   625 :  6.3922959e-01  5.9770764e-01 
   626 :  6.0203556e-01  7.1957796e-01 
   627 :  3.7083858e-01  3.0820807e-01 
   628 :  6.1523671e-01  6.7468133e-01 
   629 :  4.2137620e-01  3.8561031e-01 
   630 :  2.9593486e-01  4.1279816e-01 
   631 :  1.3624136e+00  6.2587525e-01 
   632 :  1.2862479e+00  6.6395238e-01 
   633 :  6.8294829e-01  4.9733092e-01 
   634 :  6.4713987e-02  5.2024003e-01 
   635 :  3.3649320e-01  2.4071932e-01 
   636 :  5.6439953e-01  8.4656181e-01 
   637 :  4.5194040e-01  8.8586234e-01 
   638 :  4.5217559e-01  4.2989752e-01 
   639 :  8.2015969e-01  4.4028447e-01 
   640 :  5.8578058e-01  5.8487395e-01 
   641 :  1.3611859e+00  9.5249411e-01 
   642 :  4.0216790e-01  8.4407134e-01 
   643 :  3.5718618e-01  8.2333856e-01 
   644 :  2.1342698e-01  6.4686144e-01 
   645 :  5.1724397e-01  8.1087966e-01 
   646 :  3.4388670e-01  2.0023789e-01 
   647 :  4.2422276e-01  8.4702246e-01 
   648 :  2.9416867e-01  4.4843379e-01 
   649 :  8.0530764e-01  6.1898341e-01 
   650 :  6.0713486e-01  4.5107906e-01 
   651 :  4.0910439e-01  7.8229850e-01 
   652 :  6.2020371e-01  5.4628193e-01 
   653 :  4.1394354e-01  4.2188281e-01 
   654 :  1.3566631e+00  7.7945461e-01 
   655 :  1.1241794e+00  4.8248190e-01 
   656 :  8.5423272e-01  3.1230054e-01 
   657 :  3.7002098e-01  1.8731545e-01 
   658 :  6.7873410e-01  7.6951967e-01 
   659 :  1.8021289e-01  4.0885555e-01 
   660 :  3.6416694e-01  7.6396058e-01 
   661 :  6.2911903e-01  8.2138303e-01 
   662 :  4.6582833e-01  8.6563689e-01 
   663 :  7.6795593e-01  6.1680901e-01 
   664 :  8.4560552e-01  4.2134019e-01 
   665 :  2.3845640e-01  5.9273117e-01 
   666 :  7.4385874e-01  6.8209943e-01 
   667 :  3.0290273e-01  7.5682779e-01 
   668 :  7.9071709e-01  4.5825704e-01 
   669 :  5.5422045e-01  5.6424665e-01 
   670 :  3.8430785e-01  1.6373964e-01 
   671 :  3.6308711e-01  1.1951958e-01 
   672 :  3.4131089e-01  8.4157680e-02 
   673 :  2.2328498e-01  5.2101500e-01 
   674 :  2.9386971e-01  5.9637134e-02 
   675 :  2.4638421e-01  6.5223956e-01 
   676 :  6.9538177e-01  4.3865687e-01 
   677 :  3.4224636e-01  1.2215277e-01 
   678 :  7.6306507e-01  3.7203322e-01 
   679 :  3.8915032e-01  3.7077289e-01 
   680 :  2.4434668e-01  7.0877477e-01 
   681 :  4.3028095e-01  7.9157808e-01 
   682 :  2.0161865e-01  5.8489066e-01 
   683 :  6.2789559e-01  6.9013172e-01 
   684 :  5.0348169e-01  8.2985092e-01 
   685 :  4.8265067e-01  5.3949380e-01 
   686 :  3.9435463e-01  4.9729663e-01 
   687 :  1.9561078e-01  9.5524639e-02 
   688 :  1.8861930e-01  1.4115886e-01 
   689 :  2.1768315e-01  4.4862667e-02 
   690 :  5.0354638e-01  8.6892349e-01 
   691 :  3.2862842e-01  1.0111452e-01 
   692 :  3.0633208e-01  8.0381028e-01 
   693 :  8.6893396e-01  5.7839003e-01 
   694 :  3.7034871e-01  1.6910745e-01 
   695 :  2.1157211e-01  2.1329718e-01 
   696 :  1.7097072e-01  2.2395268e-01 
   697 :  1.1960276e-01  2.3406610e-01 
   698 :  1.3867188e-01  1.7458556e-01 
   699 :  7.2444891e-02  1.8246387e-01 
   700 :  1.8257977e-01  1.8438026e-01 
   701 :  4.5110304e-01  7.9907178e-01 
   702 :  1.4936109e-01  1.1071544e-01 
   703 :  1.2370571e-01  6.8795601e-02 
   704 :  5.2883325e-01  7.9077071e-01 
   705 :  2.2942447e-01  1.5250158e-01 
   706 :  4.5025525e-01  5.2307327e-01 
   707 :  3.5385915e-01  5.8389208e-01 
   708 :  4.3261806e-01  4.3728501e-01 
   709 :  1.2168079e+00  6.6361135e-01 
   710 :  3.6016142e-01  7.1963877e-01 
   711 :  2.7916636e-01  7.7882407e-01 
   712 :  2.7083970e-01  7.8981227e-02 
   713 :  5.8331915e-01  4.6874604e-01 
   714 :  6.6348346e-01  5.9308843e-01 
   715 :  2.0402058e-01  2.8419694e-01 
   716 :  3.2854432e-01  1.8554342e-01 
   717 :  6.0822307e-01  6.4050331e-01 
   718 :  5.1531885e-01  5.4169440e-01 
   719 :  3.4552717e-01  6.8689266e-01 
   720 :  9.2004148e-01  3.5586253e-01 
   721 :  7.8270358e-01  4.9329388e-01 
   722 :  5.2985804e-01  8.6802369e-01 
   723 :  5.3497006e-01  5.3208300e-01 
   724 :  2.9104016e-01  2.9209730e-01 
   725 :  9.8130454e-01  3.3026164e-01 
   726 :  1.2741410e+00  7.3724347e-01 
   727 :  1.2551456e+00  5.0484824e-01 
   728 :  6.4890345e-01  8.5151686e-01 
   729 :  3.9372489e-01  4.3222926e-01 
   730 :  1.2120651e+00  9.1506639e-01 
   731 :  5.9311943e-01  7.6143320e-01 
   732 :  1.2884077e-01  4.3484720e-01 
   733 :  8.7820090e-01  7.2155419e-01 
   734 :  3.3379098e-01  6.5076255e-01 
   735 :  5.4940225e-01  4.5075404e-01 
   736 :  8.3123194e-01  3.5642654e-01 
   737 :  1.2218262e+00  8.0436752e-01 
   738 :  3.3770902e-01  5.7966680e-01 
   739 :  7.1480318e-01  4.2643298e-01 
   740 :  1.3301935e-01  5.3652012e-01 
   741 :  4.6770913e-01  5.3270076e-01 
   742 :  7.4348222e-02  6.4599916e-01 
   743 :  3.5376274e-01  2.9944484e-01 
   744 :  1.1854989e+00  1.0274311e+00 
   745 :  5.1920384e-01  4.4945267e-01 
   746 :  9.0692255e-01  6.1834304e-01 
   747 :  9.1023005e-01  3.0043824e-01 
   748 :  7.6747806e-01  3.9324153e-01 
   749 :  1.2130823e+00  3.7946864e-01 
   750 :  1.1018795e-01  2.9512812e-01 
   751 :  1.8674957e-01  5.4837706e-01 
   752 :  1.0922272e+00  3.1532811e-01 
   753 :  5.7635504e-01  8.6630680e-01 
   754 :  5.7040441e-01  5.7149110e-01 
   755 :  6.2321681e-01  4.4729685e-01 
   756 :  1.2801499e+00  1.0522019e+00 
   757 :  3.3500511e-01  5.5896724e-01 
   758 :  3.2890456e-01  5.2032471e-01 
   759 :  7.9650848e-01  8.3072959e-01 
   760 :  3.4972614e-01  6.5284221e-01 
   761 :  6.4681128e-01  4.3387948e-01 
   762 :  7.2970144e-01  4.1277655e-01 
   763 :  7.2373884e-01  4.8946516e-01 
   764 :  6.8134434e-01  5.4732946e-01 
   765 :  3.8682996e-01  3.3693861e-01 
   766 :  7.4758293e-01  4.0513862e-01 
   767 :  7.2598945e-01  7.0673719e-01 
   768 :  4.3111030e-01  5.5335947e-01 
   769 :  2.1970324e-01  6.8106857e-01 
   770 :  3.5568244e-01  1.4021408e-01 
   771 :  5.1024068e-01  7.9574448e-01 
   772 :  7.9108785e-01  6.4944921e-01 
   773 :  6.9354219e-01  7.9342039e-01 
   774 :  7.1926140e-01  8.0251014e-01 
   775 :  2.2217356e-01  7.3953701e-01 
   776 :  4.0472084e-01  3.8428054e-01 
   777 :  3.8814285e-01  5.8146796e-01 
   778 :  3.5218469e-01  2.3664256e-01 
   779 :  4.2361551e-01  4.0596656e-01 
   780 :  3.5572047e-01  2.1202037e-01 
   781 :  6.7218986e-01  6.1797820e-01 
   782 :  4.7887520e-01  7.8638406e-01 
   783 :  3.1419179e-01  1.7088547e-01 
   784 :  5.8463613e-01  5.9966513e-01 
   785 :  7.7937148e-02  4.6197687e-01 
   786 :  3.7730643e-01  5.0931113e-01 
   787 :  3.1212021e-01  6.1610500e-01 
   788 :  7.4002410e-01  4.7709978e-01 
   789 :  2.7994660e-01  2.7484714e-01 
   790 :  4.1022140e-01  5.6520935e-01 
   791 :  2.5686612e-01  3.4879193e-01 
   792 :  3.3087240e-01  6.7290300e-01 
   793 :  1.0647461e-01  3.5016736e-01 
   794 :  6.3813398e-01  5.3792435e-01 
   795 :  1.3607256e+00  9.7145552e-01 
   796 :  1.1947358e+00  4.5754064e-01 
   797 :  5.0370813e-01  4.4216469e-01 
   798 :  9.0074375e-01  2.7306035e-01 
   799 :  3.9206267e-01  7.7818542e-01 
   800 :  6.3740747e-01  5.1083112e-01 
   801 :  2.8019976e-01  3.6762906e-01 
   802 :  1.1626705e+00  8.0517143e-01 
   803 :  1.0548896e+00  2.7165555e-01 
   804 :  1.0180058e+00  7.3451413e-01 
   805 :  5.5270170e-01  8.6314899e-01 
   806 :  3.5774077e-01  1.9438020e-01 
   807 :  6.0618436e-01  8.6520213e-01 
   808 :  4.6535450e-01  4.4017690e-01 
   809 :  2.7737625e-01  3.9401272e-01 
   810 :  1.8765972e-01  7.4776751e-01 
   811 :  1.2368373e+00  1.0602656e+00 
   812 :  3.3455300e-01  2.6907694e-01 
   813 :  2.1584284e-01  6.1300583e-01 
Number of edges 135 
     0 :      0     18 
     1 :     18     19 
     2 :     19     20 
     3 :     20     21 
     4 :     21      1 
     5 :      1     22 
     6 :     22     23 
     7 :     23     24 
     8 :     24     25 
     9 :     25     26 
    10 :     26     27 
    11 :     27     28 
    12 :     28     29 
    13 :     29     30 
    14 :     30     31 
    15 :     31     32 
    16 :     32     33 
    17 :     33      2 
    18 :      3     34 
    19 :     34     35 
    20 :     35     36 
    21 :     36     37 
    22 :     37     38 
    23 :     38      2 
    24 :      3     39 
    25 :     39     40 
    26 :     40     41 
    27 :     41     42 
    28 :     42     43 
    29 :     43     44 
    30 :     44     45 
    31 :     45     46 
    32 :     46     47 
    33 :     47     48 
    34 :     48     49 
    35 :     49     50 
    36 :     50     51 
    37 :     51     52 
    38 :     52     53 
    39 :     53     54 
    40 :     54      4 
    41 :      4     55 
    42 :     55      5 
    43 :      6     56 
    44 :     56     57 
    45 :     57     58 
    46 :     58     59 
    47 :     59     60 
    48 :     60     61 
    49 :     61     62 
    50 :     62     63 
    51 :     63      5 
    52 :      7     64 
    53 :     64     65 
    54 :     65     66 
    55 :     66      6 
    56 :      8     67 
    57 :     67     68 
    58 :     68     69 
    59 :     69     70 
    60 :     70      7 
    61 :      9     71 
    62 :     71     72 
    63 :     72     73 
    64 :     73     74 
    65 :     74     75 
    66 :     75     76 
    67 :     76     77 
    68 :     77     78 
    69 :     78     79 
    70 :     79     80 
    71 :     80     81 
    72 :     81     82 
    73 :     82     83 
    74 :     83     84 
    75 :     84     85 
    76 :     85     86 
    77 :     86     87 
    78 :     87     88 
    79 :     88      8 
    80 :      9     89 
    81 :     89     90 
    82 :     90     91 
    83 :     91     92 
    84 :     92     93 
    85 :     93     10 
    86 :     10     11 
    87 :     12     94 
    88 :     94     95 
    89 :     95     96 
    90 :     96     11 
    91 :     13     12 
    92 :     14     13 
    93 :     14     15 
    94 :     16     97 
    95 :     97     98 
    96 :     98     99 
    97 :     99     15 
    98 :      0    100 
    99 :    100    101 
   100 :    101    102 
   101 :    102    103 
   102 :    103     16 
   103 :     17    104 
   104 :    104    105 
   105 :    105    106 
   106 :    106    107 
   107 :    107    108 
   108 :    108    109 
   109 :    109    110 
   110 :    110    111 
   111 :    111    112 
   112 :    112    113 
   113 :    113    114 
   114 :    114    115 
   115 :    115    116 
   116 :    116    117 
   117 :    117    118 
   118 :    118    119 
   119 :    119    120 
   120 :    120    121 
   121 :    121    122 
   122 :    122    123 
   123 :    123    124 
   124 :    124    125 
   125 :    125    126 
   126 :    126    127 
   127 :    127    128 
   128 :    128    129 
   129 :    129    130 
   130 :    130    131 
   131 :    131    132 
   132 :    132    133 
   133 :    133    134 
   134 :    134     17 
Number of triangles 1493 
     0 :    464    626    401
     1 :    176    711    692
     2 :    353    497    441
     3 :    630    648    506
     4 :    580    746    240
     5 :    365    588    471
     6 :    420    710    544
     7 :    403    704    537
     8 :    474    526    179
     9 :    558    650    355
    10 :    168    559     71
    11 :    379    476     22
    12 :    403    537    249
    13 :    155    446    127
    14 :    231    531    449
    15 :    554    674    150
    16 :    224    500    203
    17 :    130    479    452
    18 :    351    521    520
    19 :    420    544    421
    20 :    552    553    394
    21 :    355    713    558
    22 :    530    787    309
    23 :    631    632    545
    24 :    471    603    365
    25 :    608    626    459
    26 :    402    626    608
    27 :    555    714    396
    28 :    479    562    368
    29 :    469    515    350
    30 :    508    637    181
    31 :    368    669    479
    32 :    419    614    169
    33 :    155    685    446
    34 :    625    714    465
    35 :    535    746    580
    36 :    319    530    309
    37 :    559    759     71
    38 :    218    714    555
    39 :    688    700    698
    40 :    517    615    351
    41 :    404    684    645
    42 :    553    749    394
    43 :    351    520    334
    44 :    645    684    440
    45 :    451    696    348
    46 :    174    631    545
    47 :    465    609    385
    48 :     54    657    183
    49 :    438    527    440
    50 :      1    379     22
    51 :    224    639    500
    52 :    176    692    582
    53 :    526    642    181
    54 :    477    507    496
    55 :    497    719    441
    56 :    400    596    568
    57 :    479    669    452
    58 :    698    702    688
    59 :    245    546    389
    60 :    105    459    146
    61 :     27    587     28
    62 :    614    711    176
    63 :    224    721    668
    64 :    411    576    574
    65 :    521    743    522
    66 :    402    531    233
    67 :    638    708    512
    68 :    321    497    353
    69 :    469    516    515
    70 :    411    740    576
    71 :    401    607    464
    72 :    668    721    487
    73 :    521    522    520
    74 :    504    664    492
    75 :    453    643    179
    76 :    179    643    474
    77 :    546    620    389
    78 :    333    519    518
    79 :    150    691    554
    80 :    441    719    509
    81 :    309    787    311
    82 :    714    781    465
    83 :    534    592    186
    84 :    531    683    449
    85 :    350    515    343
    86 :    570    633    387
    87 :    177    753    577
    88 :    242    607    236
    89 :    565    649    215
    90 :    410    547    330
    91 :    181    637     79
    92 :    221    531    231
    93 :    252    586    556
    94 :    568    797    400
    95 :    514    793    166
    96 :    532    557    152
    97 :    496    725    477
    98 :    492    551    504
    99 :    294    498    295
   100 :    242    731    607
   101 :    540    541    244
   102 :     20    507     21
   103 :    512    708    653
   104 :    203    500    201
   105 :    146    626    464
   106 :    458    529    455
   107 :     69    514    166
   108 :    481    760    143
   109 :    333    518    329
   110 :    509    719    145
   111 :    588    633    570
   112 :    348    715    451
   113 :    385    625    465
   114 :     20    803    507
   115 :    233    531    223
   116 :    177    577     75
   117 :    182    591     13
   118 :    585    725    239
   119 :    295    498    299
   120 :    506    648    304
   121 :    474    642    526
   122 :    232    620    546
   123 :    580    592    535
   124 :    382    708    638
   125 :    435    701    438
   126 :    459    626    146
   127 :     48    765    523
   128 :    523    627     48
   129 :    218    555    213
   130 :    226    788    487
   131 :    186    592    191
   132 :    351    724    517
   133 :    407    542    513
   134 :    169    614     85
   135 :    175    556     73
   136 :    642    647    181
   137 :    455    529    454
   138 :    543    544    460
   139 :    464    499    463
   140 :    499    537    162
   141 :    179    582    453
   142 :    554    712    674
   143 :    609    717    619
   144 :    330    547    317
   145 :    239    725    496
   146 :     41    510    159
   147 :    438    701    579
   148 :    176    582     83
   149 :    419    711    614
   150 :    390    564    549
   151 :    159    511     42
   152 :    564    649    565
   153 :    487    721    226
   154 :    513    768    407
   155 :    242    621    499
   156 :    651    681    430
   157 :    143    760    456
   158 :    556    728    252
   159 :    568    596    381
   160 :    510    797    568
   161 :    142    587     27
   162 :    305    319    309
   163 :    529    777    135
   164 :    523    569    519
   165 :    418    775    680
   166 :    152    558    532
   167 :    609    619    385
   168 :    355    650    560
   169 :    509    710    441
   170 :    510    568    159
   171 :    499    731    242
   172 :    456    734    457
   173 :    540    591    182
   174 :    343    515    341
   175 :    221    231    219
   176 :    301    493    305
   177 :    219    447    216
   178 :    572    573    571
   179 :    319    738    530
   180 :    693    746    565
   181 :    537    704    461
   182 :    197    199    198
   183 :    544    710    160
   184 :    351    615    521
   185 :    511    638    512
   186 :    466    770    589
   187 :    149    754    640
   188 :    345    350    343
   189 :    519    569    518
   190 :    417    757    493
   191 :    494    745    161
   192 :    201    500    227
   193 :    516    635    528
   194 :    178    548     77
   195 :    223    531    221
   196 :    499    621    537
   197 :    467    468    350
   198 :    349    467    345
   199 :    604    745    494
   200 :    305    309    306
   201 :    245    559    546
   202 :    200    201    199
   203 :    527    771    440
   204 :    566    777    529
   205 :    154    612    525
   206 :    202    203    201
   207 :    653    708    361
   208 :    583    791    606
   209 :    480    684    473
   210 :    412    444    367
   211 :    334    520    333
   212 :    564    565    549
   213 :    100    553      0
   214 :    157    562    479
   215 :    366    367    349
   216 :    229    233    223
   217 :    169    775    419
   218 :    450    628    536
   219 :    493    758    417
   220 :    187    553    100
   221 :    582    692    453
   222 :    301    305    303
   223 :    501    504    503
   224 :    200    580    240
   225 :    328    330    317
   226 :    734    760    488
   227 :    502    584    227
   228 :    504    505    503
   229 :    556    586    168
   230 :    179    526     81
   231 :    452    754    149
   232 :    588    764    471
   233 :    457    734    567
   234 :    328    408    330
   235 :    318    328    317
   236 :    488    792    734
   237 :    462    681    651
   238 :    195    197    196
   239 :    513    542    155
   240 :     86    810    169
   241 :    314    360    316
   242 :    349    783    467
   243 :    245    389    192
   244 :    204    205    203
   245 :    587    748    678
   246 :    234    401    233
   247 :    209    570    226
   248 :    627    743    154
   249 :    536    628    144
   250 :    444    466    445
   251 :      6    170     66
   252 :    231    448    447
   253 :    438    782    527
   254 :    444    445    367
   255 :    316    497    321
   256 :    301    758    493
   257 :    311    567    314
   258 :    680    775    573
   259 :    293    547    292
   260 :    589    694    466
   261 :    672    691    150
   262 :    205    224    203
   263 :    345    467    350
   264 :    536    717    450
   265 :    231    449    448
   266 :    497    792    719
   267 :    206    207    205
   268 :    500    501    227
   269 :    197    580    200
   270 :    201    227    199
   271 :    402    683    531
   272 :     76    548    177
   273 :     89    245    192
   274 :    182    541    540
   275 :    401    626    402
   276 :    543    660    544
   277 :    208    209    207
   278 :      5    589     63
   279 :    240    746    693
   280 :    449    450    448
   281 :    309    311    310
   282 :    227    584    199
   283 :    197    200    199
   284 :     73    556     72
   285 :    298    317    296
   286 :     65    380     64
   287 :    210    211    209
   288 :    356    791    583
   289 :    584    585    239
   290 :    468    470    469
   291 :    501    664    504
   292 :    654    726    180
   293 :    321    353    326
   294 :    205    721    224
   295 :     87    571     86
   296 :    157    479    129
   297 :    589    770    163
   298 :    138    717    536
   299 :    127    446    128
   300 :     88    164     87
   301 :    571    810     86
   302 :    464    731    499
   303 :    197    198    196
   304 :    749    796    393
   305 :    408    409    330
   306 :    546    774    391
   307 :    353    420    354
   308 :     71    759      9
   309 :     72    168     71
   310 :     86    169     85
   311 :    188    737    538
   312 :    130    452    131
   313 :    229    234    233
   314 :    209    226    207
   315 :    216    218    213
   316 :    634    740    411
   317 :    380    702    698
   318 :    639    664    500
   319 :    360    497    316
   320 :    468    469    350
   321 :    554    691    412
   322 :     72    556    168
   323 :    172    514     70
   324 :    414    561    439
   325 :    220    221    219
   326 :     74    175     73
   327 :     84    176     83
   328 :    507    803    496
   329 :    200    202    201
   330 :    451    697    696
   331 :    688    705    347
   332 :     67    411      8
   333 :    523    765    569
   334 :    159    638    511
   335 :    126    513    155
   336 :    181    647    508
   337 :    394    752    552
   338 :    147    513    125
   339 :    238    242    236
   340 :     13    795     14
   341 :    317    547    296
   342 :     69    166     68
   343 :    739    762    485
   344 :     90    156     91
   345 :    366    412    367
   346 :    104    459    105
   347 :    110    527    111
   348 :    111    579    112
   349 :    329    518    328
   350 :    466    475    445
   351 :    535    592    534
   352 :    175    728    556
   353 :    164    572    571
   354 :     76    177     75
   355 :    202    204    203
   356 :    367    783    349
   357 :     82    179     81
   358 :    353    441    420
   359 :    428    651    430
   360 :    324    583    506
   361 :    401    402    233
   362 :    384    619    533
   363 :    156    549    535
   364 :    469    635    516
   365 :    143    455    454
   366 :    162    537    461
   367 :    145    488    481
   368 :    165    543    460
   369 :    146    464    463
   370 :    454    529    135
   371 :    460    544    160
   372 :    463    499    162
   373 :    153    803     20
   374 :     80    526    181
   375 :    738    757    443
   376 :    366    554    412
   377 :    332    333    329
   378 :    551    587    142
   379 :    311    314    312
   380 :     78    178     77
   381 :     80    181     79
   382 :    263    578    355
   383 :    191    195    194
   384 :    149    533    132
   385 :      7    172     70
   386 :    520    522    519
   387 :    231    447    219
   388 :    208    210    209
   389 :    388    591    540
   390 :    204    206    205
   391 :    560    624    259
   392 :    206    208    207
   393 :     89    192     90
   394 :    483    739    485
   395 :    333    520    519
   396 :    198    584    239
   397 :    342    343    341
   398 :    533    784    384
   399 :    152    557     34
   400 :    164    571     87
   401 :    522    523    519
   402 :    407    706    542
   403 :    222    223    221
   404 :    386    723    718
   405 :    248    249    243
   406 :    539    726    654
   407 :    336    351    334
   408 :    447    781    216
   409 :    414    439    416
   410 :    697    699    698
   411 :    298    318    317
   412 :    327    706    407
   413 :    324    506    304
   414 :    217    219    216
   415 :    353    354    326
   416 :    250    403    249
   417 :     39    494    161
   418 :    187    749    553
   419 :    471    794    603
   420 :     64    699      7
   421 :    143    454    121
   422 :    118    509    145
   423 :    124    602    147
   424 :    171    462    113
   425 :    133    533    138
   426 :    138    536    134
   427 :    145    481    119
   428 :    107    463    162
   429 :    135    602    123
   430 :    165    460    115
   431 :    109    461    167
   432 :     17    536    144
   433 :    114    462    165
   434 :    160    509    117
   435 :    120    481    143
   436 :    122    454    135
   437 :    146    463    106
   438 :    162    461    108
   439 :    116    460    160
   440 :    528    812    516
   441 :    305    306    303
   442 :    195    196    194
   443 :    522    743    627
   444 :    416    566    443
   445 :    537    621    249
   446 :    480    690    178
   447 :    569    765    136
   448 :    340    341    338
   449 :    573    769    680
   450 :    178    662    480
   451 :    448    609    465
   452 :    435    438    437
   453 :    395    794    471
   454 :     10    730    244
   455 :    473    690    480
   456 :    213    555    210
   457 :     19    153     20
   458 :     56    689      6
   459 :    380    699     64
   460 :    156    535    534
   461 :     75    577     74
   462 :    574    575    572
   463 :     40    510     41
   464 :    563    666    225
   465 :    314    567    360
   466 :     77    548     76
   467 :    318    329    328
   468 :    423    426    425
   469 :    426    428    427
   470 :    628    683    608
   471 :     34    557      3
   472 :    314    316    315
   473 :    305    493    319
   474 :     42    511     43
   475 :    322    769    675
   476 :    344    345    343
   477 :    328    518    408
   478 :    296    547    293
   479 :    446    718    157
   480 :    552    752    153
   481 :    448    465    447
   482 :     74    577    175
   483 :    238    243    242
   484 :    473    684    404
   485 :    210    555    211
   486 :     21    507    379
   487 :    420    421    354
   488 :    439    566    416
   489 :    518    569    408
   490 :    389    390    192
   491 :     92    186    184
   492 :    101    187    100
   493 :    409    495    410
   494 :     57    189     56
   495 :    501    503    502
   496 :    228    229    223
   497 :    191    592    195
   498 :    211    570    209
   499 :     70    514     69
   500 :    532    735    557
   501 :    309    310    306
   502 :     21    379      1
   503 :    528    778    158
   504 :    533    619    138
   505 :    525    528    158
   506 :    707    738    443
   507 :    226    721    207
   508 :     93    188     10
   509 :    623    796    749
   510 :    253    796    727
   511 :    610    718    446
   512 :    476    798     22
   513 :    236    607    234
   514 :    521    615    612
   515 :    544    660    421
   516 :    560    755    624
   517 :    428    430    429
   518 :    195    580    197
   519 :    502    585    584
   520 :    389    563    390
   521 :    298    630    318
   522 :     46    524    136
   523 :    154    525     50
   524 :    158    550     52
   525 :     53    550    139
   526 :     51    525    158
   527 :    388    540    538
   528 :    449    683    628
   529 :    244    730    540
   530 :    516    517    515
   531 :    262    263    261
   532 :    263    355    261
   533 :    260    261    259
   534 :    261    560    259
   535 :      3    494     39
   536 :    139    657     54
   537 :    618    656    140
   538 :      0    553     18
   539 :    316    321    320
   540 :    154    743    612
   541 :    346    349    345
   542 :    529    707    566
   543 :    151    779    629
   544 :    244    744     11
   545 :    438    440    437
   546 :    332    334    333
   547 :    275    676    483
   548 :    199    584    198
   549 :    318    630    331
   550 :    498    758    299
   551 :    491    748    587
   552 :    570    763    226
   553 :    198    239    230
   554 :    265    578    263
   555 :    189    689     56
   556 :    718    723    562
   557 :    239    496    392
   558 :    248    250    249
   559 :    727    796    623
   560 :    327    407    359
   561 :    538    730    188
   562 :    430    433    431
   563 :    695    700    347
   564 :     49    627    154
   565 :    260    262    261
   566 :      3    557    494
   567 :    214    216    213
   568 :    622    623    187
   569 :    517    789    515
   570 :    151    629     44
   571 :     45    629    524
   572 :    262    264    263
   573 :    258    259    256
   574 :    264    265    263
   575 :    212    213    210
   576 :    578    713    355
   577 :    467    716    468
   578 :    355    560    261
   579 :    538    737    539
   580 :    409    410    330
   581 :    178    690    548
   582 :    152    597    558
   583 :    292    361    290
   584 :    671    770    677
   585 :    235    236    234
   586 :    186    191    190
   587 :    103    174    102
   588 :    256    624    254
   589 :    311    312    310
   590 :    505    656    618
   591 :    136    679    569
   592 :    270    590    276
   593 :    466    694    475
   594 :    363    532    362
   595 :    524    776    679
   596 :    441    710    420
   597 :    268    270    269
   598 :     68    634     67
   599 :    217    220    219
   600 :    653    779    512
   601 :    268    590    270
   602 :    549    733    390
   603 :     99    641    388
   604 :    566    707    443
   605 :     81    526     80
   606 :     92    184     93
   607 :    352    366    349
   608 :    268    269    265
   609 :    299    758    301
   610 :    462    651    165
   611 :    321    326    325
   612 :    426    660    543
   613 :    618    747    478
   614 :     10    244     11
   615 :    250    404    403
   616 :    264    267    265
   617 :    450    609    448
   618 :    426    427    425
   619 :    433    435    434
   620 :    271    362    269
   621 :    267    268    265
   622 :    163    770    671
   623 :    164    574    572
   624 :     11    744     96
   625 :    243    621    242
   626 :    258    260    259
   627 :    191    194    193
   628 :    407    561    359
   629 :    270    271    269
   630 :    364    368    273
   631 :    635    778    528
   632 :    267    273    268
   633 :    188    730     10
   634 :    559    774    546
   635 :    234    607    401
   636 :    271    363    362
   637 :    211    588    570
   638 :    515    789    341
   639 :    449    628    450
   640 :    583    606    506
   641 :    186    190    184
   642 :    274    364    273
   643 :    410    729    547
   644 :    478    720    618
   645 :    376    384    374
   646 :    156    534     91
   647 :    273    590    268
   648 :    294    786    498
   649 :    361    613    290
   650 :    282    594    377
   651 :    220    222    221
   652 :    386    594    277
   653 :    412    677    444
   654 :      6    689    170
   655 :     18    552     19
   656 :    368    590    273
   657 :    277    594    279
   658 :    128    157    129
   659 :    211    764    588
   660 :    416    443    417
   661 :    249    621    243
   662 :    679    776    409
   663 :    131    149    132
   664 :    128    446    157
   665 :    428    429    427
   666 :    269    578    265
   667 :    270    276    272
   668 :    575    644    572
   669 :    347    700    688
   670 :    279    594    282
   671 :    161    510     40
   672 :    270    272    271
   673 :    276    386    277
   674 :     39    161     40
   675 :    572    769    573
   676 :     41    159     42
   677 :    435    437    436
   678 :    279    282    281
   679 :    561    790    439
   680 :    680    769    322
   681 :    237    238    236
   682 :    527    782    111
   683 :    111    782    579
   684 :     43    151     44
   685 :    414    416    415
   686 :    542    741    155
   687 :    282    377    372
   688 :    563    564    390
   689 :    267    274    273
   690 :    282    283    281
   691 :    276    277    272
   692 :    362    578    269
   693 :    283    285    284
   694 :     43    511    151
   695 :    126    155    127
   696 :     38    148     37
   697 :    279    281    280
   698 :    285    286    284
   699 :    288    600    327
   700 :    286    381    284
   701 :    283    284    281
   702 :    277    279    278
   703 :    376    385    384
   704 :    147    768    513
   705 :    359    561    414
   706 :    124    147    125
   707 :    574    742    411
   708 :    131    452    149
   709 :    280    399    278
   710 :    279    280    278
   711 :    281    596    280
   712 :    271    599    363
   713 :    314    315    312
   714 :    129    479    130
   715 :    280    400    399
   716 :    284    596    281
   717 :    277    278    272
   718 :    381    596    284
   719 :    143    456    455
   720 :    280    596    400
   721 :    399    599    278
   722 :    288    327    308
   723 :    394    749    393
   724 :    272    599    271
   725 :     59    150     58
   726 :    417    758    498
   727 :     35    152     34
   728 :    587    678     28
   729 :    411    742      8
   730 :    547    729    292
   731 :    709    726    251
   732 :     99    246     98
   733 :    622    727    623
   734 :    311    787    567
   735 :    599    604    363
   736 :      7    699    172
   737 :    483    485    484
   738 :    165    799    543
   739 :    681    701    433
   740 :    384    640    374
   741 :    278    599    272
   742 :    340    342    341
   743 :    240    693    202
   744 :    171    681    462
   745 :     83    582     82
   746 :    274    371    364
   747 :     82    582    179
   748 :     90    733    156
   749 :     16    631    103
   750 :    101    622    187
   751 :    399    604    599
   752 :    501    502    227
   753 :    125    513    126
   754 :    282    372    283
   755 :     49    154     50
   756 :     53    139     54
   757 :     52    550     53
   758 :     51    158     52
   759 :     50    525     51
   760 :     45    524     46
   761 :     46    136     47
   762 :     37    593     36
   763 :    594    610    377
   764 :    477    478    476
   765 :    283    600    285
   766 :    285    288    287
   767 :    667    711    358
   768 :    485    489    486
   769 :    491    587    551
   770 :    541    744    244
   771 :     36    597     35
   772 :    430    431    429
   773 :    516    615    517
   774 :    285    287    286
   775 :    275    483    482
   776 :    539    737    726
   777 :    285    600    288
   778 :    525    612    528
   779 :     85    614     84
   780 :    458    707    529
   781 :     33    137      2
   782 :     35    597    152
   783 :    421    423    422
   784 :    149    784    533
   785 :     23    140     24
   786 :     96    744     95
   787 :     65    703    380
   788 :    461    704    167
   789 :    148    593     37
   790 :    327    359    308
   791 :     47    765     48
   792 :     99    388    246
   793 :    548    722    177
   794 :    119    481    120
   795 :    112    171    113
   796 :    115    460    116
   797 :    121    454    122
   798 :    107    162    108
   799 :    108    461    109
   800 :    114    165    115
   801 :    123    602    124
   802 :    113    462    114
   803 :    109    167    110
   804 :    116    160    117
   805 :    122    135    123
   806 :    117    509    118
   807 :    132    533    133
   808 :    105    146    106
   809 :    133    138    134
   810 :    134    536     17
   811 :    118    145    119
   812 :    106    463    107
   813 :    120    143    121
   814 :     17    144    104
   815 :    222    228    223
   816 :    430    681    433
   817 :    372    600    283
   818 :    379    477    476
   819 :    386    610    594
   820 :    644    813    313
   821 :    568    808    159
   822 :    247    248    243
   823 :    342    344    343
   824 :    208    212    210
   825 :    558    713    532
   826 :    726    737    251
   827 :    405    554    366
   828 :    687    689    598
   829 :    267    616    274
   830 :    470    635    469
   831 :    389    620    563
   832 :    229    235    234
   833 :    511    512    151
   834 :    419    775    418
   835 :    316    320    315
   836 :    504    736    505
   837 :     79    637     78
   838 :    200    240    202
   839 :    144    459    104
   840 :    167    527    110
   841 :    112    579    171
   842 :    651    799    165
   843 :    301    303    302
   844 :    286    382    381
   845 :    610    685    377
   846 :    191    193    190
   847 :    593    597     36
   848 :    264    616    267
   849 :    160    710    509
   850 :    365    633    588
   851 :     68    785    634
   852 :    433    434    431
   853 :    408    679    409
   854 :    331    332    329
   855 :    204    215    206
   856 :     78    637    178
   857 :    522    627    523
   858 :    423    660    426
   859 :    190    251    184
   860 :    194    253    193
   861 :    421    660    423
   862 :    192    733     90
   863 :    562    723    368
   864 :    137    254      2
   865 :    257    258    256
   866 :    262    266    264
   867 :    172    750    514
   868 :    468    646    470
   869 :    569    679    408
   870 :      8    742     88
   871 :    198    230    196
   872 :    645    771    704
   873 :    395    471    396
   874 :    218    781    714
   875 :    433    701    435
   876 :    341    789    338
   877 :     97    180     16
   878 :    489    491    490
   879 :    446    685    610
   880 :    180    726    632
   881 :    532    713    362
   882 :    500    664    501
   883 :    103    631    174
   884 :    214    217    216
   885 :    629    779    495
   886 :     89    759    245
   887 :    602    790    147
   888 :     32    595     33
   889 :    423    425    424
   890 :     67    634    411
   891 :    212    214    213
   892 :    171    701    681
   893 :     29    141     30
   894 :    388    538    246
   895 :    174    622    102
   896 :    259    624    256
   897 :    432    711    667
   898 :    344    346    345
   899 :     18    553    552
   900 :    144    608    459
   901 :    475    694    657
   902 :    383    732    659
   903 :    435    436    434
   904 :     48    627     49
   905 :     31    173     32
   906 :     30    601     31
   907 :    338    724    336
   908 :    258    365    260
   909 :    186    804    534
   910 :    675    769    644
   911 :    297    298    296
   912 :    491    551    492
   913 :     61    185     60
   914 :    216    781    218
   915 :    624    761    254
   916 :     44    629     45
   917 :    505    618    503
   918 :    335    336    334
   919 :    172    699    697
   920 :    321    325    320
   921 :    632    726    709
   922 :    457    458    455
   923 :     22    798     23
   924 :    373    374    371
   925 :    274    373    371
   926 :    368    723    590
   927 :    524    679    136
   928 :    696    700    695
   929 :    375    395    378
   930 :    180    632    631
   931 :    416    417    415
   932 :     25    605     26
   933 :    359    414    413
   934 :    255    256    254
   935 :    385    619    384
   936 :    421    422    354
   937 :    135    777    602
   938 :    744    811     95
   939 :    239    392    230
   940 :    734    792    360
   941 :    494    735    604
   942 :     84    614    176
   943 :    215    693    565
   944 :    615    812    612
   945 :    456    457    455
   946 :    404    645    403
   947 :    550    778    470
   948 :    470    780    550
   949 :    266    616    264
   950 :    194    655    253
   951 :    363    735    532
   952 :    472    473    404
   953 :    287    613    286
   954 :    676    739    483
   955 :    299    301    300
   956 :    376    625    385
   957 :    313    675    644
   958 :    235    237    236
   959 :     63    163     62
   960 :    356    583    369
   961 :    574    576    575
   962 :    274    616    373
   963 :    624    755    148
   964 :    437    480    436
   965 :    650    755    560
   966 :    346    352    349
   967 :    238    247    243
   968 :    155    741    685
   969 :    483    484    482
   970 :    159    808    638
   971 :    326    667    358
   972 :    670    694    589
   973 :    225    772    563
   974 :    620    666    563
   975 :    166    785     68
   976 :    485    486    484
   977 :    102    622    101
   978 :    698    699    380
   979 :    206    611    208
   980 :    253    545    193
   981 :    543    799    426
   982 :    215    611    206
   983 :     28    678     29
   984 :    375    376    374
   985 :    375    652    395
   986 :    538    539    246
   987 :    326    358    325
   988 :    144    628    608
   989 :    288    308    289
   990 :    337    338    336
   991 :    289    290    287
   992 :    495    653    410
   993 :    286    613    382
   994 :     33    595    137
   995 :    288    289    287
   996 :    195    592    580
   997 :    661    728    617
   998 :    395    396    378
   999 :    257    633    258
  1000 :    370    750    451
  1001 :     19    552    153
  1002 :    229    658    235
  1003 :    208    611    212
  1004 :     24    656     25
  1005 :     26    142     27
  1006 :    370    793    750
  1007 :    360    792    497
  1008 :    697    698    696
  1009 :    276    723    386
  1010 :    392    394    393
  1011 :     57    674    189
  1012 :    318    331    329
  1013 :    359    413    308
  1014 :    173    595     32
  1015 :    400    745    399
  1016 :    255    257    256
  1017 :    704    771    167
  1018 :    140    656     24
  1019 :    619    717    138
  1020 :    397    807    753
  1021 :    489    490    486
  1022 :    373    375    374
  1023 :    232    767    620
  1024 :    545    727    174
  1025 :    579    782    438
  1026 :    142    736    551
  1027 :    250    472    404
  1028 :    442    740    634
  1029 :    290    613    287
  1030 :    352    405    366
  1031 :    423    424    422
  1032 :    207    721    205
  1033 :    141    601     30
  1034 :    396    764    555
  1035 :    645    704    403
  1036 :    585    720    478
  1037 :    539    654    246
  1038 :    457    530    458
  1039 :     31    601    173
  1040 :    255    275    257
  1041 :    180    631     16
  1042 :    295    296    293
  1043 :    291    292    290
  1044 :    291    294    293
  1045 :    364    669    368
  1046 :    414    415    413
  1047 :    332    335    334
  1048 :    339    340    338
  1049 :    295    299    297
  1050 :    429    474    427
  1051 :    475    716    445
  1052 :    137    255    254
  1053 :    258    633    365
  1054 :    251    802    184
  1055 :    275    482    387
  1056 :    215    649    611
  1057 :    437    684    480
  1058 :    252    728    661
  1059 :    166    793    581
  1060 :    375    378    376
  1061 :    485    766    489
  1062 :    148    761    624
  1063 :    567    787    457
  1064 :     66    703     65
  1065 :    374    640    371
  1066 :    247    397    248
  1067 :     98    654     97
  1068 :    275    387    257
  1069 :      2    761     38
  1070 :    156    733    549
  1071 :     58    674     57
  1072 :    491    492    490
  1073 :      9    759     89
  1074 :    323    398    383
  1075 :    687    702    170
  1076 :    246    654     98
  1077 :    607    731    464
  1078 :    372    741    706
  1079 :    392    393    230
  1080 :    230    655    196
  1081 :    425    453    424
  1082 :    370    451    357
  1083 :    443    757    417
  1084 :    196    655    194
  1085 :    436    508    434
  1086 :    486    487    484
  1087 :    597    650    558
  1088 :    618    720    503
  1089 :    581    732    166
  1090 :    214    225    217
  1091 :     91    804     92
  1092 :    306    307    303
  1093 :    493    757    319
  1094 :    354    667    326
  1095 :    426    799    428
  1096 :    598    689    189
  1097 :    164    742    574
  1098 :    238    661    247
  1099 :    540    730    538
  1100 :    451    715    357
  1101 :    319    757    738
  1102 :    202    693    204
  1103 :    323    324    304
  1104 :    502    720    585
  1105 :    228    658    229
  1106 :    549    746    535
  1107 :    417    498    415
  1108 :    174    727    622
  1109 :      5    670    589
  1110 :    190    709    251
  1111 :    406    688    687
  1112 :    567    734    360
  1113 :    431    642    429
  1114 :     25    656    605
  1115 :    232    391    228
  1116 :    266    800    603
  1117 :    440    684    437
  1118 :    387    633    257
  1119 :    632    709    545
  1120 :    254    761      2
  1121 :    424    432    422
  1122 :    302    304    300
  1123 :    301    302    300
  1124 :    237    661    238
  1125 :    576    682    575
  1126 :    492    639    490
  1127 :    312    313    310
  1128 :    593    650    597
  1129 :    740    751    576
  1130 :    573    810    571
  1131 :    335    337    336
  1132 :    292    729    361
  1133 :    393    655    230
  1134 :    294    295    293
  1135 :    289    291    290
  1136 :    646    716    475
  1137 :    600    706    327
  1138 :     60    672     59
  1139 :    248    636    250
  1140 :    378    625    376
  1141 :    335    801    791
  1142 :    158    778    550
  1143 :    550    780    139
  1144 :    706    741    542
  1145 :    629    776    524
  1146 :    365    800    260
  1147 :     97    654    180
  1148 :    586    774    168
  1149 :    467    783    716
  1150 :    299    300    297
  1151 :    397    753    636
  1152 :     63    589    163
  1153 :    702    703    170
  1154 :    295    297    296
  1155 :    387    763    570
  1156 :    406    705    688
  1157 :    545    709    193
  1158 :    397    636    248
  1159 :    157    718    562
  1160 :    324    659    583
  1161 :    603    800    365
  1162 :    338    789    724
  1163 :    235    658    241
  1164 :    478    747    476
  1165 :    361    708    613
  1166 :    427    643    425
  1167 :    659    732    581
  1168 :    320    322    315
  1169 :    241    252    237
  1170 :     26    605    142
  1171 :    235    241    237
  1172 :    434    647    431
  1173 :    247    617    397
  1174 :    439    777    566
  1175 :    291    293    292
  1176 :    391    774    773
  1177 :    308    686    289
  1178 :    379    507    477
  1179 :    561    768    147
  1180 :    323    673    398
  1181 :    170    689    687
  1182 :    557    735    494
  1183 :    444    770    466
  1184 :     62    671     61
  1185 :    640    754    371
  1186 :    398    442    383
  1187 :    303    673    302
  1188 :     29    678    141
  1189 :    391    658    228
  1190 :    222    232    228
  1191 :    612    743    521
  1192 :    663    772    225
  1193 :    425    643    453
  1194 :    337    339    338
  1195 :    291    686    294
  1196 :    623    749    187
  1197 :    358    419    418
  1198 :    217    666    220
  1199 :    302    323    304
  1200 :    579    701    171
  1201 :    422    667    354
  1202 :    361    729    653
  1203 :    358    418    325
  1204 :    262    800    266
  1205 :    340    348    342
  1206 :    168    774    559
  1207 :    492    664    639
  1208 :    450    717    609
  1209 :    409    776    495
  1210 :     59    672    150
  1211 :    323    383    324
  1212 :    478    725    585
  1213 :     92    804    186
  1214 :    737    802    251
  1215 :    555    764    211
  1216 :    565    746    549
  1217 :    383    659    324
  1218 :    145    719    488
  1219 :    616    652    373
  1220 :    719    792    488
  1221 :    563    772    564
  1222 :    266    652    616
  1223 :    255    676    275
  1224 :    336    724    351
  1225 :    304    648    300
  1226 :    392    752    394
  1227 :    250    636    472
  1228 :    182    756    541
  1229 :    337    356    339
  1230 :    344    347    346
  1231 :    373    652    375
  1232 :    508    662    637
  1233 :    429    642    474
  1234 :    608    683    402
  1235 :    590    723    276
  1236 :    473    722    690
  1237 :    362    713    578
  1238 :    372    706    600
  1239 :    406    598    405
  1240 :    377    741    372
  1241 :    298    648    630
  1242 :    212    663    214
  1243 :    247    661    617
  1244 :    386    718    610
  1245 :    412    691    677
  1246 :    474    643    427
  1247 :     12    756    182
  1248 :    489    748    491
  1249 :    503    720    502
  1250 :    241    586    252
  1251 :    471    764    396
  1252 :    352    406    405
  1253 :    407    768    561
  1254 :     55    670      5
  1255 :    398    751    740
  1256 :    649    663    611
  1257 :    698    700    696
  1258 :    657    694    183
  1259 :    644    769    572
  1260 :    595    676    137
  1261 :    575    813    644
  1262 :     88    742    164
  1263 :    396    714    378
  1264 :    649    772    663
  1265 :    669    754    452
  1266 :    762    766    485
  1267 :    405    712    554
  1268 :    508    647    434
  1269 :     94    756     12
  1270 :    384    784    640
  1271 :    297    648    298
  1272 :    307    673    303
  1273 :    232    546    391
  1274 :    611    663    212
  1275 :    364    754    669
  1276 :    147    790    561
  1277 :    252    661    237
  1278 :    480    662    436
  1279 :    577    807    175
  1280 :    204    693    215
  1281 :    413    686    308
  1282 :    170    703     66
  1283 :    356    369    357
  1284 :    431    647    642
  1285 :    193    709    190
  1286 :    593    755    650
  1287 :      4    183     55
  1288 :    310    665    306
  1289 :    674    712    189
  1290 :    604    735    363
  1291 :    457    787    530
  1292 :    315    675    312
  1293 :    530    738    458
  1294 :    214    663    225
  1295 :    289    686    291
  1296 :    440    771    645
  1297 :    613    708    382
  1298 :    445    783    367
  1299 :    356    357    339
  1300 :    688    702    687
  1301 :    390    733    192
  1302 :    432    667    422
  1303 :    224    668    639
  1304 :    516    812    615
  1305 :    225    666    217
  1306 :    400    797    745
  1307 :    150    674     58
  1308 :    369    581    370
  1309 :     61    671    185
  1310 :    137    676    255
  1311 :    639    668    490
  1312 :    490    668    486
  1313 :    551    736    504
  1314 :    306    665    307
  1315 :    325    680    320
  1316 :    436    662    508
  1317 :    486    668    487
  1318 :    603    794    266
  1319 :    406    687    598
  1320 :    253    727    545
  1321 :    655    796    253
  1322 :    381    808    568
  1323 :    602    777    439
  1324 :    472    722    473
  1325 :    189    712    598
  1326 :    369    370    357
  1327 :    399    745    604
  1328 :    488    760    481
  1329 :     95    811     94
  1330 :    583    659    369
  1331 :    617    728    175
  1332 :    332    801    335
  1333 :    753    807    577
  1334 :    606    809    506
  1335 :    637    662    178
  1336 :    487    788    484
  1337 :    371    754    364
  1338 :    342    695    344
  1339 :    598    712    405
  1340 :    163    671     62
  1341 :    185    672     60
  1342 :    495    779    653
  1343 :    677    770    444
  1344 :    595    739    676
  1345 :    382    808    381
  1346 :    312    675    313
  1347 :    358    711    419
  1348 :    470    778    635
  1349 :    378    714    625
  1350 :    380    703    702
  1351 :    605    656    505
  1352 :    498    786    415
  1353 :    313    665    310
  1354 :    148    755    593
  1355 :    339    715    340
  1356 :    136    765     47
  1357 :    173    739    595
  1358 :     38    761    148
  1359 :    245    759    559
  1360 :    322    675    315
  1361 :    340    715    348
  1362 :    346    705    352
  1363 :    453    692    424
  1364 :    496    752    392
  1365 :    424    692    432
  1366 :    468    716    646
  1367 :    302    673    323
  1368 :    665    682    307
  1369 :    576    751    682
  1370 :    320    680    322
  1371 :    184    802     93
  1372 :    477    725    478
  1373 :    161    797    510
  1374 :    653    729    410
  1375 :    369    659    581
  1376 :    418    680    325
  1377 :    671    677    185
  1378 :    722    805    177
  1379 :    337    791    356
  1380 :    677    691    185
  1381 :    300    648    297
  1382 :    167    771    527
  1383 :    605    736    142
  1384 :    791    801    606
  1385 :    666    767    220
  1386 :    260    800    262
  1387 :    348    696    695
  1388 :    348    695    342
  1389 :    451    750    697
  1390 :    634    785    442
  1391 :    140    747    618
  1392 :    439    790    602
  1393 :    465    781    447
  1394 :    505    736    605
  1395 :    630    809    331
  1396 :    716    783    445
  1397 :    646    780    470
  1398 :    344    695    347
  1399 :    220    767    222
  1400 :    652    794    395
  1401 :    307    751    673
  1402 :    222    767    232
  1403 :    512    779    151
  1404 :    638    808    382
  1405 :    690    722    548
  1406 :    458    738    707
  1407 :    442    732    383
  1408 :    347    705    346
  1409 :    352    705    406
  1410 :    601    762    173
  1411 :    141    766    601
  1412 :    398    740    442
  1413 :    173    762    739
  1414 :    357    715    339
  1415 :    612    812    528
  1416 :    685    741    377
  1417 :    750    793    514
  1418 :    495    776    629
  1419 :    482    763    387
  1420 :    640    784    149
  1421 :    773    774    586
  1422 :    185    691    672
  1423 :    413    786    686
  1424 :    641    795    591
  1425 :    678    748    141
  1426 :    673    751    398
  1427 :    442    785    732
  1428 :    534    804     91
  1429 :    175    807    617
  1430 :    682    751    307
  1431 :     93    802    188
  1432 :    475    806    646
  1433 :    331    801    332
  1434 :    601    766    762
  1435 :    183    694    670
  1436 :    482    788    763
  1437 :    484    788    482
  1438 :    748    766    141
  1439 :    686    786    294
  1440 :    241    773    586
  1441 :    183    670     55
  1442 :    415    786    413
  1443 :    456    760    734
  1444 :    763    788    226
  1445 :    732    785    166
  1446 :    472    805    722
  1447 :    541    811    744
  1448 :    646    806    780
  1449 :     23    798    140
  1450 :    780    806    139
  1451 :    139    806    657
  1452 :    564    772    649
  1453 :    335    791    337
  1454 :    140    798    747
  1455 :    658    773    241
  1456 :    697    750    172
  1457 :    393    796    655
  1458 :    428    799    651
  1459 :    617    807    397
  1460 :    620    767    666
  1461 :    657    806    475
  1462 :    391    773    658
  1463 :    266    794    652
  1464 :    581    793    370
  1465 :    665    813    682
  1466 :    506    809    630
  1467 :    636    805    472
  1468 :    496    803    752
  1469 :    489    766    748
  1470 :    724    789    517
  1471 :    745    797    161
  1472 :     94    811    756
  1473 :    753    805    636
  1474 :    313    813    665
  1475 :    188    802    737
  1476 :    388    641    591
  1477 :    747    798    476
  1478 :    752    803    153
  1479 :    177    805    753
  1480 :    756    811    541
  1481 :    682    813    575
  1482 :    331    809    801
  1483 :    801    809    606
  1484 :    775    810    573
  1485 :    169    810    775
  1486 :     54    183      4
  1487 :     12    182     13
  1488 :    591    795     13
  1489 :     14    641     15
  1490 :     14    795    641
  1491 :     15    641     99
  1492 :    692    711    432
Number of domains 18
  Domain :      0 
  Name : Bottom
  Number of elements :      5
     0     1     2     3     4
  Domain :      1 
  Name : Entity 1 
  Number of elements :     13
     5     6     7     8     9    10    11    12    13    14
    15    16    17
  Domain :      2 
  Name : Entity 2 
  Number of elements :      6
    18    19    20    21    22    23
  Domain :      3 
  Name : HookA
  Number of elements :     17
    24    25    26    27    28    29    30    31    32    33
    34    35    36    37    38    39    40
  Domain :      4 
  Name : HookB
  Number of elements :      2
    41    42
  Domain :      5 
  Name : HookC
  Number of elements :      9
    43    44    45    46    47    48    49    50    51
  Domain :      6 
  Name : Entity 6 
  Number of elements :      4
    52    53    54    55
  Domain :      7 
  Name : Entity 7 
  Number of elements :      5
    56    57    58    59    60
  Domain :      8 
  Name : Entity 8 
  Number of elements :     19
    61    62    63    64    65    66    67    68    69    70
    71    72    73    74    75    76    77    78    79
  Domain :      9 
  Name : Entity 9 
  Number of elements :      6
    80    81    82    83    84    85
  Domain :     10 
  Name : Entity 10 
  Number of elements :      1
    86
  Domain :     11 
  Name : Entity 11 
  Number of elements :      4
    87    88    89    90
  Domain :     12 
  Name : Entity 12 
  Number of elements :      1
    91
  Domain :     13 
  Name : Entity 13 
  Number of elements :      1
    92
  Domain :     14 
  Name : Entity 14 
  Number of elements :      1
    93
  Domain :     15 
  Name : Entity 15 
  Number of elements :      4
    94    95    96    97
  Domain :     16 
  Name : Entity 16 
  Number of elements :      5
    98    99   100   101   102
  Domain :     17 
  Name : Hole
  Number of elements :     32
   103   104   105   106   107   108   109   110   111   112
   113   114   115   116   117   118   119   120   121   122
   123   124   125   126   127   128   129   130   131   132
   133   134
