Number of nodes 297 
     0 :  1.3024961e+00  2.0000000e-01 
     1 :  9.3808315e-01  2.0000000e-01 
     2 :  6.6000000e-01  4.2000000e-01 
     3 :  5.5000000e-01  4.2000000e-01 
     4 :  3.9500000e-01  1.8017880e-01 
     5 :  3.9500000e-01  1.5555903e-01 
     6 :  2.0000000e-01  0.0000000e+00 
     7 :  0.0000000e+00  2.0000000e-01 
     8 : -4.0689674e-14  6.3262253e-01 
     9 :  8.2051167e-01  8.6296284e-01 
    10 :  1.1300000e+00  9.2000000e-01 
    11 :  1.1152000e+00  9.8720833e-01 
    12 :  1.3403709e+00  1.0683424e+00 
    13 :  1.3748882e+00  9.8538957e-01 
    14 :  1.3750000e+00  9.8000000e-01 
    15 :  1.3768124e+00  9.8000000e-01 
    16 :  1.4300000e+00  6.7000000e-01 
    17 :  5.8000000e-01  6.7000000e-01 
    18 :  1.2296135e+00  2.0000000e-01 
    19 :  1.1567309e+00  2.0000000e-01 
    20 :  1.0838483e+00  2.0000000e-01 
    21 :  1.0109657e+00  2.0000000e-01 
    22 :  8.8745373e-01  2.4996099e-01 
    23 :  8.3416748e-01  2.9707804e-01 
    24 :  7.7838395e-01  3.4121008e-01 
    25 :  7.2027013e-01  3.8222500e-01 
    26 :  6.0500000e-01  4.2000000e-01 
    27 :  4.8398582e-01  4.0665927e-01 
    28 :  4.2833254e-01  3.6873091e-01 
    29 :  3.9177494e-01  3.1216777e-01 
    30 :  3.8005073e-01  2.4584741e-01 
    31 :  2.6607111e-01  1.1228688e-02 
    32 :  3.2472330e-01  4.3653918e-02 
    33 :  3.6937071e-01  9.3634763e-02 
    34 :  9.7886967e-03  1.3819660e-01 
    35 :  3.8196601e-02  8.2442950e-02 
    36 :  8.2442950e-02  3.8196601e-02 
    37 :  1.3819660e-01  9.7886967e-03 
    38 :  0.0000000e+00  5.6051877e-01 
    39 :  0.0000000e+00  4.8841502e-01 
    40 :  0.0000000e+00  4.1631126e-01 
    41 :  0.0000000e+00  3.4420751e-01 
    42 :  0.0000000e+00  2.7210375e-01 
    43 :  7.5411203e-01  8.8815224e-01 
    44 :  6.8541918e-01  9.0617196e-01 
    45 :  6.1520489e-01  9.1681956e-01 
    46 :  5.4425802e-01  9.1997539e-01 
    47 :  4.7337567e-01  9.1560402e-01 
    48 :  4.0335419e-01  9.0375454e-01 
    49 :  3.3498028e-01  8.8456010e-01 
    50 :  2.6902213e-01  8.5823633e-01 
    51 :  2.0622079e-01  8.2507900e-01 
    52 :  1.4728183e-01  7.8546062e-01 
    53 :  9.2867424e-02  7.3982630e-01 
    54 :  4.3588933e-02  6.8868876e-01 
    55 :  8.6170724e-01  8.0221767e-01 
    56 :  9.2569104e-01  7.6625763e-01 
    57 :  9.9899885e-01  7.6264986e-01 
    58 :  1.0662044e+00  7.9215354e-01 
    59 :  1.1131655e+00  8.4856017e-01 
    60 :  1.2902899e+00  1.1018558e+00 
    61 :  1.2304775e+00  1.1091863e+00 
    62 :  1.1737855e+00  1.0887589e+00 
    63 :  1.1323952e+00  1.0449628e+00 
    64 :  1.3586319e+00  1.0272831e+00 
    65 :  1.4278527e+00  7.3316101e-01 
    66 :  1.4214208e+00  7.9603035e-01 
    67 :  1.4107340e+00  8.5831772e-01 
    68 :  1.3958416e+00  9.1973547e-01 
    69 :  1.3357381e+00  2.6202719e-01 
    70 :  1.3641947e+00  3.2639042e-01 
    71 :  1.3877029e+00  3.9272116e-01 
    72 :  1.4061281e+00  4.6063959e-01 
    73 :  1.4193649e+00  5.2975682e-01 
    74 :  1.4273374e+00  5.9967708e-01 
    75 :  5.5660444e-01  7.3427876e-01 
    76 :  4.9736482e-01  7.6848078e-01 
    77 :  4.3000000e-01  7.5660254e-01 
    78 :  3.8603074e-01  7.0420201e-01 
    79 :  3.8603074e-01  6.3579799e-01 
    80 :  4.3000000e-01  5.8339746e-01 
    81 :  4.9736482e-01  5.7151922e-01 
    82 :  5.5660444e-01  6.0572124e-01 
    83 :  1.3360103e+00  4.3723518e-01 
    84 :  9.0810412e-01  3.1859873e-01 
    85 :  1.0575482e+00  7.1856042e-01 
    86 :  7.1973562e-01  4.4650840e-01 
    87 :  3.6134576e-01  3.7059868e-01 
    88 :  1.3418594e+00  9.9598223e-01 
    89 :  1.1160118e+00  2.7489051e-01 
    90 :  5.6703940e-02  1.8287942e-01 
    91 :  6.8807288e-02  5.1458291e-01 
    92 :  1.3645404e+00  6.4370160e-01 
    93 :  3.3538078e-01  1.9906534e-01 
    94 :  8.6182739e-01  7.2942286e-01 
    95 :  5.6302757e-02  3.7856195e-01 
    96 :  1.3491482e+00  8.1686979e-01 
    97 :  1.5957518e-01  7.1852608e-01 
    98 :  3.6194076e-01  5.7500032e-01 
    99 :  2.2905562e-01  5.5267588e-02 
   100 :  1.1738145e+00  1.0011941e+00 
   101 :  6.2402132e-01  6.2011293e-01 
   102 :  6.4675596e-01  6.7721804e-01 
   103 :  6.8820765e-01  6.2788589e-01 
   104 :  1.2974779e+00  3.1445560e-01 
   105 :  1.1815517e+00  8.6890192e-01 
   106 :  3.1892041e-01  6.2155168e-01 
   107 :  2.9480211e-01  5.6001655e-01 
   108 :  1.1624774e+00  8.0164849e-01 
   109 :  9.9104694e-01  6.8983235e-01 
   110 :  1.0496725e+00  6.4668813e-01 
   111 :  9.8489447e-01  6.1432149e-01 
   112 :  1.0419849e+00  5.7439607e-01 
   113 :  1.1078775e+00  6.0367814e-01 
   114 :  1.0997969e+00  5.3220338e-01 
   115 :  9.7586944e-01  5.4539310e-01 
   116 :  1.1654515e+00  5.6099070e-01 
   117 :  1.1574327e+00  4.8977999e-01 
   118 :  1.0917920e+00  4.6098315e-01 
   119 :  9.0904988e-01  5.9194394e-01 
   120 :  9.0794587e-01  5.1858843e-01 
   121 :  1.1735680e+00  6.3190016e-01 
   122 :  8.4817464e-01  5.5654769e-01 
   123 :  7.9268776e-01  7.5993438e-01 
   124 :  6.3035244e-01  4.6768768e-01 
   125 :  3.1269221e-01  2.5883455e-01 
   126 :  2.7412691e-01  2.0910481e-01 
   127 :  2.4964855e-01  2.6876380e-01 
   128 :  2.1056331e-01  2.1521455e-01 
   129 :  1.1494914e+00  4.1846128e-01 
   130 :  1.8412368e-01  2.7607401e-01 
   131 :  2.2627304e-01  3.2556345e-01 
   132 :  1.2306722e+00  5.8957238e-01 
   133 :  1.2387100e+00  6.5989051e-01 
   134 :  2.5657338e-01  7.9524247e-01 
   135 :  4.2385549e-01  4.3536066e-01 
   136 :  7.0961707e-01  8.4369041e-01 
   137 :  1.2908955e+00  1.0429457e+00 
   138 :  1.0845565e+00  3.9073147e-01 
   139 :  9.7017978e-01  4.7554115e-01 
   140 :  8.4308078e-01  4.9314871e-01 
   141 :  2.5063860e-01  6.1193317e-01 
   142 :  2.3059052e-01  5.4584895e-01 
   143 :  2.6917636e-01  4.9632334e-01 
   144 :  2.0719383e-01  4.8061875e-01 
   145 :  1.8171670e-01  5.9217304e-01 
   146 :  1.2305978e+00  8.1496050e-01 
   147 :  1.2432407e+00  8.8901988e-01 
   148 :  8.0685286e-01  6.7617132e-01 
   149 :  7.8353578e-01  5.3399995e-01 
   150 :  5.6125449e-01  8.0589211e-01 
   151 :  1.2148667e+00  4.4787963e-01 
   152 :  9.8638237e-02  9.8638237e-02 
   153 :  6.6823465e-01  5.6859786e-01 
   154 :  5.5738276e-01  5.4093549e-01 
   155 :  3.1049296e-01  1.0029278e-01 
   156 :  2.7925207e-01  6.6924665e-01 
   157 :  6.1340545e-01  7.7258919e-01 
   158 :  7.0412233e-02  6.2728426e-01 
   159 :  1.2073031e+00  3.7241494e-01 
   160 :  4.9787856e-01  4.5898327e-01 
   161 :  1.4979028e-01  2.2066155e-01 
   162 :  1.1506119e-01  2.7735964e-01 
   163 :  1.7692791e-01  1.6501005e-01 
   164 :  7.4154626e-01  7.1950744e-01 
   165 :  2.4803648e-01  4.2775875e-01 
   166 :  1.7970682e-01  4.1738975e-01 
   167 :  3.6195254e-01  7.6807955e-01 
   168 :  3.5327342e-01  4.4238237e-01 
   169 :  1.1827609e+00  6.9949040e-01 
   170 :  1.2496434e+00  7.3963342e-01 
   171 :  4.5399568e-01  8.1830178e-01 
   172 :  9.7452445e-01  2.6235917e-01 
   173 :  9.7466630e-01  3.4076357e-01 
   174 :  9.0899280e-01  3.8591878e-01 
   175 :  7.9507148e-01  5.9977894e-01 
   176 :  1.1990818e+00  9.2783877e-01 
   177 :  1.2564761e+00  9.4456015e-01 
   178 :  1.2980220e+00  9.1107043e-01 
   179 :  1.2936063e+00  8.5610759e-01 
   180 :  1.3583401e-01  4.7791214e-01 
   181 :  1.0377115e+00  3.0128713e-01 
   182 :  4.4998281e-01  5.1302049e-01 
   183 :  1.2171913e+00  1.0489365e+00 
   184 :  1.3036003e+00  6.8864289e-01 
   185 :  8.7974500e-01  6.5671113e-01 
   186 :  7.8484700e-01  4.1204558e-01 
   187 :  1.3210623e+00  7.5517818e-01 
   188 :  1.3019853e+00  9.5641814e-01 
   189 :  1.2706550e+00  9.9304030e-01 
   190 :  8.4555252e-01  3.6657441e-01 
   191 :  6.1376100e-01  8.3742005e-01 
   192 :  1.2715541e+00  4.0818016e-01 
   193 :  2.3478908e-01  1.6083816e-01 
   194 :  1.2186404e+00  9.8596681e-01 
   195 :  1.2988316e+00  6.1680591e-01 
   196 :  1.2903142e+00  5.4749676e-01 
   197 :  6.3090660e-02  4.4755552e-01 
   198 :  1.2929757e-01  5.4716615e-01 
   199 :  1.3467948e+00  8.8069728e-01 
   200 :  1.1157960e+00  6.7418533e-01 
   201 :  1.2228493e+00  5.1886736e-01 
   202 :  1.1972930e+00  2.5921304e-01 
   203 :  1.0308725e+00  4.3420426e-01 
   204 :  1.3686420e+00  7.1137567e-01 
   205 :  1.1374822e+00  3.5038001e-01 
   206 :  1.0350826e+00  5.0378685e-01 
   207 :  7.3229359e-01  5.8183354e-01 
   208 :  7.0955534e-01  5.1207830e-01 
   209 :  2.9389204e-01  3.2877397e-01 
   210 :  3.8931928e-01  8.3407343e-01 
   211 :  5.0619809e-01  8.5269882e-01 
   212 :  2.0734621e-01  6.6226704e-01 
   213 :  1.6256635e-01  3.4661064e-01 
   214 :  5.6457411e-01  4.7717612e-01 
   215 :  1.1233488e+00  7.4479472e-01 
   216 :  1.2795433e+00  4.7934690e-01 
   217 :  2.4823910e-01  7.2891611e-01 
   218 :  9.2010877e-01  6.9470045e-01 
   219 :  3.3902951e-01  5.0691750e-01 
   220 :  1.2660548e+00  2.5717856e-01 
   221 :  1.3639082e+00  5.7229326e-01 
   222 :  1.3472005e+00  5.0585495e-01 
   223 :  5.5973151e-02  3.0844816e-01 
   224 :  5.4262774e-02  2.4283445e-01 
   225 :  3.5024635e-01  1.4793122e-01 
   226 :  9.0817886e-01  4.5085540e-01 
   227 :  7.4451189e-01  6.4825537e-01 
   228 :  1.3407532e+00  9.3055960e-01 
   229 :  3.2263584e-01  8.1964547e-01 
   230 :  1.4208144e-01  6.5114656e-01 
   231 :  7.6829816e-01  8.2288741e-01 
   232 :  3.2219256e-01  7.1783110e-01 
   233 :  3.0306136e-01  3.9827750e-01 
   234 :  7.7451665e-01  4.7158954e-01 
   235 :  1.1232437e-01  1.6096299e-01 
   236 :  6.0182343e-01  5.1329057e-01 
   237 :  1.1705336e-01  4.0540789e-01 
   238 :  1.3190572e+00  3.7237572e-01 
   239 :  1.9406412e-01  1.0098797e-01 
   240 :  1.3079948e+00  9.9604898e-01 
   241 :  1.3252148e+00  1.0260697e+00 
   242 :  1.2342788e+00  3.1127579e-01 
   243 :  3.9216565e-01  4.8620079e-01 
   244 :  8.4250709e-01  4.3003811e-01 
   245 :  6.1057536e-01  5.6019950e-01 
   246 :  2.9441004e-01  1.5619730e-01 
   247 :  1.0304037e+00  3.6843631e-01 
   248 :  1.2861638e+00  7.9976848e-01 
   249 :  6.4996172e-01  5.1565943e-01 
   250 :  1.3776252e+00  7.6252300e-01 
   251 :  7.2530197e-01  7.8125760e-01 
   252 :  6.7270858e-01  7.3779146e-01 
   253 :  1.4405365e-01  1.1773422e-01 
   254 :  1.3964733e-01  6.7994056e-02 
   255 :  6.9998991e-01  6.8276691e-01 
   256 :  5.6842748e-01  8.6845577e-01 
   257 :  5.1142759e-01  5.1416875e-01 
   258 :  1.0858001e+00  3.3183954e-01 
   259 :  6.6584694e-01  8.0587190e-01 
   260 :  1.2560588e+00  1.0720516e+00 
   261 :  2.5299623e-01  1.0504056e-01 
   262 :  1.0167149e-01  3.4055989e-01 
   263 :  1.2541930e+00  1.0294668e+00 
   264 :  6.3130368e-02  1.3262404e-01 
   265 :  1.2365891e-01  5.9856317e-01 
   266 :  9.7271352e-01  4.0717056e-01 
   267 :  1.1949827e+00  7.5702297e-01 
   268 :  2.5951695e-01  3.7033094e-01 
   269 :  1.1742966e+00  1.0459631e+00 
   270 :  1.0474070e+00  2.4356068e-01 
   271 :  1.3382748e+00  9.6569010e-01 
   272 :  1.3646751e+00  9.5242960e-01 
   273 :  1.3589744e+00  9.7902893e-01 
   274 :  1.3648496e+00  9.6808276e-01 
   275 :  1.1612256e+00  9.5873821e-01 
   276 :  3.9706970e-01  5.3418327e-01 
   277 :  9.8426586e-02  6.8515696e-01 
   278 :  6.0846536e-01  7.1666431e-01 
   279 :  3.4533226e-01  6.6962045e-01 
   280 :  2.7666785e-01  6.3096707e-02 
   281 :  3.4224155e-01  3.0685651e-01 
   282 :  6.7652089e-01  4.7224762e-01 
   283 :  1.9890855e-01  7.7230721e-01 
   284 :  9.3484223e-01  6.4254876e-01 
   285 :  1.8048843e-01  4.2618613e-02 
   286 :  3.0251543e-01  4.5433189e-01 
   287 :  4.4490658e-01  8.6952320e-01 
   288 :  7.8435198e-02  5.6962305e-01 
   289 :  9.7838362e-02  2.1621574e-01 
   290 :  1.2596239e+00  3.5539377e-01 
   291 :  2.1473660e-01  3.7817277e-01 
   292 :  1.1794043e+00  3.1372271e-01 
   293 :  3.0231868e-01  7.6594294e-01 
   294 :  8.4693956e-01  6.1438317e-01 
   295 :  1.7960937e-01  5.2749844e-01 
   296 :  6.6028761e-01  8.6248271e-01 
Number of edges 83 
     0 :      0     18 
     1 :     18     19 
     2 :     19     20 
     3 :     20     21 
     4 :     21      1 
     5 :      1     22 
     6 :     22     23 
     7 :     23     24 
     8 :     24     25 
     9 :     25      2 
    10 :      3     26 
    11 :     26      2 
    12 :      3     27 
    13 :     27     28 
    14 :     28     29 
    15 :     29     30 
    16 :     30      4 
    17 :      4      5 
    18 :      6     31 
    19 :     31     32 
    20 :     32     33 
    21 :     33      5 
    22 :      7     34 
    23 :     34     35 
    24 :     35     36 
    25 :     36     37 
    26 :     37      6 
    27 :      8     38 
    28 :     38     39 
    29 :     39     40 
    30 :     40     41 
    31 :     41     42 
    32 :     42      7 
    33 :      9     43 
    34 :     43     44 
    35 :     44     45 
    36 :     45     46 
    37 :     46     47 
    38 :     47     48 
    39 :     48     49 
    40 :     49     50 
    41 :     50     51 
    42 :     51     52 
    43 :     52     53 
    44 :     53     54 
    45 :     54      8 
    46 :      9     55 
    47 :     55     56 
    48 :     56     57 
    49 :     57     58 
    50 :     58     59 
    51 :     59     10 
    52 :     10     11 
    53 :     12     60 
    54 :     60     61 
    55 :     61     62 
    56 :     62     63 
    57 :     63     11 
    58 :     13     64 
    59 :     64     12 
    60 :     14     13 
    61 :     14     15 
    62 :     16     65 
    63 :     65     66 
    64 :     66     67 
    65 :     67     68 
    66 :     68     15 
    67 :      0     69 
    68 :     69     70 
    69 :     70     71 
    70 :     71     72 
    71 :     72     73 
    72 :     73     74 
    73 :     74     16 
    74 :     17     75 
    75 :     75     76 
    76 :     76     77 
    77 :     77     78 
    78 :     78     79 
    79 :     79     80 
    80 :     80     81 
    81 :     81     82 
    82 :     82     17 
Number of triangles 511 
     0 :     58    215    108
     1 :    175    294    148
     2 :     56    218    109
     3 :     58    108     59
     4 :    100    194    183
     5 :    154    257    214
     6 :    170    248    146
     7 :    232    293    217
     8 :     56    109     57
     9 :     22    172     84
    10 :     93    225      4
    11 :    214    257    160
    12 :    135    168     87
    13 :    160    182    135
    14 :    148    294    185
    15 :    156    232    217
    16 :    172    173     84
    17 :    146    267    170
    18 :    148    227    175
    19 :     77    210    167
    20 :     16    204     92
    21 :      9    231     55
    22 :     55    231    123
    23 :    196    221    195
    24 :     38    158      8
    25 :    171    210     77
    26 :    226    266    139
    27 :     28    135     87
    28 :      5    225     33
    29 :    150    211     76
    30 :     92    204    184
    31 :    174    266    226
    32 :     80    182     81
    33 :     76    211    171
    34 :    180    198     91
    35 :     38    288    158
    36 :    208    234    149
    37 :     27    160    135
    38 :    179    248     96
    39 :     87    233    209
    40 :     91    197    180
    41 :    184    195     92
    42 :    217    293    134
    43 :    147    177    176
    44 :    174    244    190
    45 :    189    240    137
    46 :    226    244    174
    47 :    195    221     92
    48 :     65    204     16
    49 :    207    208    149
    50 :    100    275    194
    51 :    194    263    183
    52 :     96    248    187
    53 :    166    237    213
    54 :     60    137     12
    55 :     24    190    186
    56 :     96    199    179
    57 :      1    172     22
    58 :     73    222     72
    59 :    254    285    239
    60 :    209    281     87
    61 :     89    258    181
    62 :     23    190     24
    63 :    181    270     89
    64 :    194    275    176
    65 :    253    254    239
    66 :     30     93      4
    67 :    147    176    105
    68 :    207    227    103
    69 :    185    294    119
    70 :     86    234    208
    71 :    235    264    152
    72 :    182    257     81
    73 :    183    269    100
    74 :    240    271     88
    75 :    119    284    185
    76 :    146    147    105
    77 :      3    214    160
    78 :    245    249    153
    79 :    205    258     89
    80 :     14    274     15
    81 :    236    249    245
    82 :     25     86      2
    83 :     89    292    205
    84 :    187    248    170
    85 :    187    250     96
    86 :    177    194    176
    87 :    146    179    147
    88 :    196    222    221
    89 :    105    176     10
    90 :    240    241    137
    91 :    175    227    207
    92 :     90    224      7
    93 :    137    241     12
    94 :      7    224     42
    95 :    152    253    235
    96 :    153    207    103
    97 :    173    174     84
    98 :     11    100     63
    99 :    237    262    213
   100 :    164    227    148
   101 :    147    178    177
   102 :     84    190     23
   103 :    178    188    177
   104 :    172    181    173
   105 :     72    222     83
   106 :    213    291    166
   107 :     25    186     86
   108 :     83    216    192
   109 :     62    183     61
   110 :    234    244    140
   111 :     68    199     67
   112 :     67    199     96
   113 :    214    236    154
   114 :    221    222     73
   115 :     59    105     10
   116 :    192    216    151
   117 :     31     99      6
   118 :    188    189    177
   119 :      3    160     27
   120 :    101    153    103
   121 :     81    154     82
   122 :    108    146    105
   123 :    122    149    140
   124 :    174    190     84
   125 :     80    276    182
   126 :     16     92     74
   127 :    137    263    189
   128 :    153    208    207
   129 :    161    163    128
   130 :    184    187    170
   131 :    123    148     94
   132 :    122    140    120
   133 :     55    123     94
   134 :     91    288     38
   135 :     24    186     25
   136 :    128    193    126
   137 :    133    195    184
   138 :    123    164    148
   139 :    133    184    170
   140 :    133    170    169
   141 :    169    200    121
   142 :     95    197     40
   143 :     55     94     56
   144 :    121    200    113
   145 :    119    122    120
   146 :    132    195    133
   147 :    130    161    128
   148 :    151    201    117
   149 :    122    175    149
   150 :     59    108    105
   151 :    132    133    121
   152 :    233    268    209
   153 :    109    110     85
   154 :    116    132    121
   155 :    169    215    200
   156 :     19    202     89
   157 :     21    172      1
   158 :    203    206    139
   159 :    139    206    115
   160 :     82    101     17
   161 :    148    185     94
   162 :    119    120    115
   163 :    116    121    113
   164 :     57    109     85
   165 :    127    128    126
   166 :     51    134     50
   167 :    163    193    128
   168 :    109    111    110
   169 :    111    119    115
   170 :     39    197     91
   171 :    114    116    113
   172 :    112    113    110
   173 :     41     95     40
   174 :    112    114    113
   175 :    144    165    143
   176 :     53     97     52
   177 :     39     91     38
   178 :    159    192    151
   179 :     19     89     20
   180 :    113    200    110
   181 :    110    200     85
   182 :     18    202     19
   183 :    116    201    132
   184 :    133    169    121
   185 :     40    197     39
   186 :    132    201    196
   187 :    129    151    117
   188 :    117    201    116
   189 :     57     85     58
   190 :     33    155     32
   191 :    111    112    110
   192 :    132    196    195
   193 :    114    117    116
   194 :    120    139    115
   195 :    129    159    151
   196 :     44    136     43
   197 :    111    115    112
   198 :    164    255    227
   199 :    184    204    187
   200 :    151    216    201
   201 :    129    205    159
   202 :     85    215     58
   203 :      8    158     54
   204 :    118    129    117
   205 :     79     98     80
   206 :    118    203    138
   207 :    142    143    107
   208 :    144    166    165
   209 :    115    206    112
   210 :    223    224    162
   211 :    114    118    117
   212 :    138    205    129
   213 :     22     84     23
   214 :    118    138    129
   215 :    101    103    102
   216 :     72     83     71
   217 :    118    206    203
   218 :     27    135     28
   219 :     36    152     35
   220 :    101    102     17
   221 :     70    104     69
   222 :    175    207    149
   223 :     79    106     98
   224 :    142    144    143
   225 :    112    206    114
   226 :     28     87     29
   227 :    114    206    118
   228 :     77    167     78
   229 :     34     90      7
   230 :     94    218     56
   231 :    106    156    141
   232 :    130    162    161
   233 :    106    107     98
   234 :    127    130    128
   235 :     75    150     76
   236 :     76    171     77
   237 :    141    142    107
   238 :    186    244    234
   239 :    106    141    107
   240 :    212    217     97
   241 :    149    234    140
   242 :    141    145    142
   243 :    144    180    166
   244 :     90    264    235
   245 :    186    234     86
   246 :     75    157    150
   247 :     49    210     48
   248 :     47    211     46
   249 :    127    131    130
   250 :    125    127    126
   251 :    157    191    150
   252 :     41    223     95
   253 :    127    209    131
   254 :     67     96     66
   255 :    141    212    145
   256 :     45    256    191
   257 :    156    212    141
   258 :    125    209    127
   259 :    143    219    107
   260 :    168    233     87
   261 :     18    220    202
   262 :     93    246    225
   263 :    201    216    196
   264 :    190    244    186
   265 :    200    215     85
   266 :    191    296     45
   267 :    131    213    130
   268 :    239    285     99
   269 :    120    226    139
   270 :    125    126     93
   271 :    123    251    164
   272 :    189    263    194
   273 :    108    267    146
   274 :      2    124     26
   275 :    176    275     10
   276 :    130    213    162
   277 :    202    292     89
   278 :     29    281     30
   279 :    156    217    212
   280 :    178    228    188
   281 :     69    220      0
   282 :    197    237    180
   283 :     26    214      3
   284 :    169    267    215
   285 :    230    277    158
   286 :    104    220     69
   287 :    185    218     94
   288 :    224    289    162
   289 :    192    238     83
   290 :    107    219     98
   291 :      0    220     18
   292 :    181    247    173
   293 :    216    222    196
   294 :    101    245    153
   295 :     83    222    216
   296 :     30    281    125
   297 :    188    271    240
   298 :    215    267    108
   299 :    198    295    145
   300 :    189    194    177
   301 :    180    295    198
   302 :    210    229    167
   303 :    140    226    120
   304 :    172    270    181
   305 :     95    237    197
   306 :    228    271    188
   307 :     74    221     73
   308 :    252    278    102
   309 :    160    257    182
   310 :     42    223     41
   311 :    124    214     26
   312 :    179    199    178
   313 :    158    265    230
   314 :    231    251    123
   315 :     50    229     49
   316 :     89    270     20
   317 :    119    294    122
   318 :    136    231     43
   319 :    135    243    168
   320 :     12    241     64
   321 :    134    229     50
   322 :     43    231      9
   323 :    181    258    247
   324 :     92    221     74
   325 :    147    179    178
   326 :    182    243    135
   327 :     21    270    172
   328 :    109    284    111
   329 :    139    266    203
   330 :    193    261    246
   331 :     49    229    210
   332 :     86    282      2
   333 :    162    289    161
   334 :    204    250    187
   335 :    167    232     78
   336 :    106    279    156
   337 :    212    230    145
   338 :    157    278    252
   339 :    145    295    142
   340 :     97    230    212
   341 :    144    295    180
   342 :     37    254     36
   343 :     42    224    223
   344 :     10    275     11
   345 :     33    225    155
   346 :     83    238     71
   347 :     36    254    152
   348 :    126    246     93
   349 :     70    238    104
   350 :    218    284    109
   351 :     65    250    204
   352 :    143    286    219
   353 :     68    228    199
   354 :     11    275    100
   355 :    161    235    163
   356 :    217    283     97
   357 :    146    248    179
   358 :    185    284    218
   359 :    219    276     98
   360 :    246    261    155
   361 :    150    256    211
   362 :    131    291    213
   363 :     87    281     29
   364 :     66    250     65
   365 :    154    245     82
   366 :    219    286    168
   367 :    188    240    189
   368 :     51    283    134
   369 :     46    256     45
   370 :     53    277     97
   371 :    171    287    210
   372 :     97    283     52
   373 :    211    287    171
   374 :    199    228    178
   375 :    183    260     61
   376 :    238    290    104
   377 :    180    237    166
   378 :    191    256    150
   379 :    158    277     54
   380 :     45    296     44
   381 :    163    239    193
   382 :     68    272    228
   383 :     71    238     70
   384 :    156    279    232
   385 :    210    287     48
   386 :     47    287    211
   387 :    193    246    126
   388 :    235    253    163
   389 :    100    269     63
   390 :    220    242    202
   391 :    134    283    217
   392 :     82    245    101
   393 :    145    265    198
   394 :     30    125     93
   395 :    102    255    252
   396 :     62    269    183
   397 :    173    266    174
   398 :    153    249    208
   399 :    124    236    214
   400 :    192    290    238
   401 :     88    241    240
   402 :    198    288     91
   403 :    159    292    242
   404 :    205    292    159
   405 :    243    276    219
   406 :     95    262    237
   407 :      2    282    124
   408 :    157    259    191
   409 :     81    257    154
   410 :    223    262     95
   411 :    203    247    138
   412 :     64    241     88
   413 :     97    277    230
   414 :    271    273     88
   415 :     61    260     60
   416 :     99    285      6
   417 :    140    244    226
   418 :     60    260    137
   419 :    247    258    138
   420 :    208    282     86
   421 :    213    262    162
   422 :    104    242    220
   423 :    168    243    219
   424 :    252    255    164
   425 :    166    291    165
   426 :    251    252    164
   427 :    170    267    169
   428 :    103    255    102
   429 :    138    258    205
   430 :      6    285     37
   431 :     96    250     66
   432 :    162    262    223
   433 :    165    286    143
   434 :     90    289    224
   435 :    155    280     32
   436 :    211    256     46
   437 :     35    264     34
   438 :    227    255    103
   439 :     63    269     62
   440 :     31    280     99
   441 :    152    264     35
   442 :     20    270     21
   443 :     34    264     90
   444 :     98    276     80
   445 :     54    277     53
   446 :    251    259    252
   447 :     32    280     31
   448 :     78    279     79
   449 :     17    278     75
   450 :     75    278    157
   451 :    111    284    119
   452 :    209    268    131
   453 :     79    279    106
   454 :    242    290    159
   455 :    165    268    233
   456 :     52    283     51
   457 :    159    290    192
   458 :     48    287     47
   459 :    102    278     17
   460 :    125    281    209
   461 :     44    296    136
   462 :    271    274    273
   463 :    122    294    175
   464 :    142    295    144
   465 :    136    251    231
   466 :    252    259    157
   467 :    236    245    154
   468 :    259    296    191
   469 :    124    249    236
   470 :    230    265    145
   471 :    225    246    155
   472 :    136    259    251
   473 :    165    291    268
   474 :    235    289     90
   475 :    260    263    137
   476 :    272    274    271
   477 :    233    286    165
   478 :    232    279     78
   479 :    163    253    239
   480 :    152    254    253
   481 :    247    266    173
   482 :     99    261    239
   483 :    229    293    167
   484 :    134    293    229
   485 :    136    296    259
   486 :    239    261    193
   487 :    168    286    233
   488 :     37    285    254
   489 :    167    293    232
   490 :    183    263    260
   491 :    182    276    243
   492 :    203    266    247
   493 :     99    280    261
   494 :    161    289    235
   495 :    261    280    155
   496 :    265    288    198
   497 :    124    282    249
   498 :    104    290    242
   499 :    158    288    265
   500 :    242    292    202
   501 :    249    282    208
   502 :    268    291    131
   503 :    228    272    271
   504 :     15    274    272
   505 :      4    225      5
   506 :     13    273     14
   507 :     64     88     13
   508 :     88    273     13
   509 :    273    274     14
   510 :     15    272     68
Number of domains 18
  Domain :      0 
  Name : Bottom
  Number of elements :      5
     0     1     2     3     4
  Domain :      1 
  Name : Entity 1 
  Number of elements :      5
     5     6     7     8     9
  Domain :      2 
  Name : Entity 2 
  Number of elements :      2
    10    11
  Domain :      3 
  Name : Entity 3 
  Number of elements :      5
    12    13    14    15    16
  Domain :      4 
  Name : Entity 4 
  Number of elements :      1
    17
  Domain :      5 
  Name : Entity 5 
  Number of elements :      4
    18    19    20    21
  Domain :      6 
  Name : Entity 6 
  Number of elements :      5
    22    23    24    25    26
  Domain :      7 
  Name : Entity 7 
  Number of elements :      6
    27    28    29    30    31    32
  Domain :      8 
  Name : Entity 8 
  Number of elements :     13
    33    34    35    36    37    38    39    40    41    42
    43    44    45
  Domain :      9 
  Name : Entity 9 
  Number of elements :      6
    46    47    48    49    50    51
  Domain :     10 
  Name : Entity 10 
  Number of elements :      1
    52
  Domain :     11 
  Name : Entity 11 
  Number of elements :      5
    53    54    55    56    57
  Domain :     12 
  Name : Entity 12 
  Number of elements :      2
    58    59
  Domain :     13 
  Name : Entity 13 
  Number of elements :      1
    60
  Domain :     14 
  Name : Entity 14 
  Number of elements :      1
    61
  Domain :     15 
  Name : Entity 15 
  Number of elements :      5
    62    63    64    65    66
  Domain :     16 
  Name : Entity 16 
  Number of elements :      7
    67    68    69    70    71    72    73
  Domain :     17 
  Name : Hole
  Number of elements :      9
    74    75    76    77    78    79    80    81    82
